13 16 1
10 2 1
6 26 1
9 2 1
17 13 1
23 29 1
27 26 1
20 5 1
1 27 1
11 15 1
15 5 1
12 22 1
24 15 1
9 7 1
3 7 1
11 12 1
14 21 1
17 26 1
11 22 1
14 20 1
11 3 1
11 5 1
21 14 1
22 15 1
22 26 1
23 14 1
6 7 1
10 12 1
12 1 1
20 25 1
11 16 1
19 17 1
24 22 1
18 8 1
8 13 1
15 21 1
22 14 1
28 12 1
18 25 1
1 14 1
8 24 1
16 1 1
26 19 1
24 18 1
13 26 1
6 12 1
12 6 1
8 16 1
6 5 1
26 14 1
8 4 1
20 19 1
6 22 1
16 19 1
9 12 1
23 26 1
8 15 1
1 19 1
20 24 1
1 6 1
25 8 1
9 25 1
13 27 1
6 21 1
4 6 1
13 25 1
18 9 1
15 24 1
28 15 1
12 16 1
16 21 1
5 23 1
5 19 1
21 2 1
26 22 1
19 23 1
17 28 1
9 23 1
11 1 1
23 15 1
5 28 1
16 11 1
19 26 1
28 20 1
11 4 1
12 17 1
5 2 1
28 9 1
16 14 1
11 20 1
11 8 1
20 27 1
13 21 1
14 23 1
15 16 1
14 5 1
22 5 1
5 10 1
11 13 1
18 16 1
13 14 1
17 1 1
16 24 1
29 2 1
20 26 1
19 24 1
6 8 1
25 13 1
9 19 1
11 25 1
27 21 1
14 11 1
14 26 1
2 14 1
11 21 1
9 29 1
22 19 1
6 3 1
9 3 1
23 21 1
17 12 1
8 25 1
26 20 1
2 19 1
8 21 1
17 19 1
3 4 1
16 22 1
5 11 1
2 8 1
6 2 1
21 11 1
9 18 1
4 7 1
2 10 1
13 24 1
8 1 1
17 15 1
23 27 1
11 7 1
25 18 1
11 28 1
8 20 1
25 9 1
6 1 1
15 27 1
13 29 1
12 8 1
28 24 1
1 17 1
29 26 1
27 28 1
2 3 1
8 28 1
9 1 1
26 23 1
19 18 1
27 22 1
20 2 1
6 20 1
4 3 1
9 8 1
15 23 1
14 16 1
11 10 1
1 22 1
22 20 1
21 23 1
11 27 1
8 14 1
8 23 1
8 27 1
8 11 1
14 27 1
23 19 1
20 13 1
20 11 1
28 27 1
5 29 1
11 26 1
28 29 1
