104 340 1
133 27 1
238 145 1
27 392 1
406 577 1
246 362 1
515 475 1
27 368 1
559 443 1
468 14 1
27 258 1
399 37 1
396 219 1
406 92 1
234 27 1
8 179 1
588 595 1
528 27 1
420 234 1
27 432 1
42 339 1
264 107 1
337 406 1
337 213 1
59 330 1
195 167 1
232 27 1
378 352 1
122 590 1
321 27 1
53 601 1
27 92 1
390 219 1
561 378 1
545 249 1
206 27 1
74 34 1
147 564 1
564 147 1
378 443 1
565 27 1
73 27 1
27 31 1
240 27 1
140 559 1
362 396 1
63 394 1
378 145 1
195 140 1
109 179 1
503 367 1
174 27 1
35 392 1
132 361 1
540 27 1
31 258 1
310 55 1
172 27 1
27 331 1
44 586 1
27 561 1
408 399 1
54 27 1
579 162 1
499 125 1
118 342 1
34 179 1
27 126 1
568 104 1
487 290 1
241 128 1
179 370 1
99 27 1
466 599 1
65 27 1
584 63 1
183 584 1
27 172 1
203 365 1
481 104 1
353 554 1
224 79 1
592 27 1
535 598 1
27 372 1
27 408 1
591 27 1
27 158 1
576 535 1
27 91 1
179 183 1
541 169 1
128 140 1
11 59 1
140 195 1
204 27 1
235 321 1
559 353 1
44 399 1
394 33 1
530 378 1
365 362 1
44 145 1
27 486 1
48 584 1
27 278 1
134 4 1
530 6 1
226 184 1
235 199 1
430 258 1
182 340 1
406 392 1
356 497 1
223 559 1
140 313 1
140 214 1
400 566 1
444 140 1
27 453 1
290 27 1
465 373 1
518 543 1
558 394 1
149 172 1
27 584 1
406 8 1
27 85 1
27 272 1
399 27 1
210 569 1
89 27 1
53 248 1
54 537 1
399 218 1
427 382 1
132 499 1
372 353 1
132 340 1
345 52 1
132 92 1
303 27 1
459 109 1
8 278 1
27 104 1
399 451 1
27 540 1
497 351 1
352 406 1
8 544 1
590 119 1
353 145 1
361 527 1
27 340 1
27 352 1
532 561 1
34 340 1
313 140 1
278 113 1
27 47 1
299 27 1
179 34 1
242 361 1
477 290 1
403 334 1
90 529 1
406 584 1
412 149 1
192 239 1
552 38 1
595 88 1
72 167 1
430 34 1
340 27 1
162 579 1
76 27 1
361 115 1
8 24 1
27 565 1
444 55 1
356 378 1
282 27 1
24 8 1
91 27 1
27 149 1
541 482 1
475 286 1
79 224 1
27 87 1
333 27 1
499 119 1
27 461 1
406 364 1
364 69 1
399 22 1
132 27 1
362 162 1
564 584 1
278 145 1
333 108 1
247 145 1
78 234 1
177 53 1
219 396 1
607 312 1
286 440 1
70 477 1
306 219 1
27 53 1
530 33 1
64 27 1
33 364 1
440 531 1
61 584 1
330 88 1
146 408 1
403 18 1
27 395 1
27 255 1
27 218 1
56 323 1
27 59 1
469 27 1
8 197 1
312 27 1
468 521 1
222 59 1
378 590 1
169 586 1
27 607 1
127 27 1
561 59 1
395 497 1
354 34 1
318 27 1
440 34 1
278 55 1
219 109 1
329 192 1
485 53 1
564 27 1
27 327 1
27 261 1
27 521 1
132 607 1
27 426 1
440 254 1
203 258 1
395 179 1
470 427 1
482 454 1
170 27 1
356 340 1
27 567 1
213 27 1
27 243 1
372 236 1
607 132 1
192 262 1
386 27 1
413 27 1
191 406 1
378 584 1
536 532 1
376 27 1
230 532 1
50 27 1
511 443 1
165 296 1
599 466 1
558 430 1
406 247 1
104 27 1
593 407 1
90 252 1
308 546 1
169 132 1
146 454 1
599 27 1
169 63 1
140 451 1
16 478 1
101 474 1
561 543 1
27 315 1
234 77 1
151 278 1
293 27 1
88 595 1
169 167 1
532 230 1
238 503 1
207 406 1
27 377 1
392 27 1
466 128 1
27 267 1
162 94 1
162 44 1
372 340 1
27 237 1
119 499 1
399 132 1
166 336 1
606 364 1
27 460 1
492 367 1
497 148 1
275 156 1
85 27 1
242 27 1
27 24 1
475 238 1
55 151 1
443 543 1
27 605 1
27 498 1
179 27 1
215 146 1
241 55 1
559 132 1
408 367 1
355 408 1
27 433 1
521 14 1
115 145 1
364 120 1
37 303 1
309 203 1
128 448 1
201 234 1
510 209 1
27 522 1
162 367 1
187 534 1
530 12 1
323 56 1
219 584 1
133 242 1
261 132 1
27 75 1
27 341 1
238 330 1
27 471 1
295 585 1
557 27 1
554 353 1
538 27 1
179 410 1
361 340 1
203 309 1
120 27 1
203 97 1
246 365 1
486 27 1
27 406 1
147 497 1
573 584 1
408 109 1
584 399 1
361 88 1
340 92 1
27 200 1
478 19 1
392 312 1
169 179 1
312 607 1
8 530 1
162 584 1
281 90 1
443 378 1
27 458 1
219 464 1
410 261 1
497 607 1
59 561 1
561 154 1
238 438 1
169 501 1
68 167 1
405 312 1
381 27 1
312 361 1
69 352 1
169 353 1
442 242 1
27 399 1
92 443 1
488 470 1
203 164 1
235 418 1
27 588 1
596 27 1
396 362 1
27 541 1
361 238 1
360 536 1
330 146 1
406 242 1
590 340 1
524 132 1
561 132 1
132 145 1
535 321 1
238 64 1
244 467 1
211 402 1
209 169 1
63 67 1
353 27 1
584 502 1
169 27 1
584 333 1
105 408 1
402 435 1
167 406 1
321 31 1
566 400 1
55 27 1
37 399 1
27 181 1
27 478 1
27 142 1
462 279 1
344 213 1
584 312 1
406 396 1
27 470 1
27 513 1
27 319 1
106 27 1
515 530 1
94 162 1
27 273 1
192 406 1
179 395 1
395 54 1
454 146 1
304 232 1
432 27 1
146 149 1
219 356 1
81 399 1
27 69 1
508 139 1
18 403 1
248 475 1
602 155 1
27 597 1
491 192 1
288 183 1
321 64 1
541 116 1
27 375 1
27 156 1
395 584 1
245 584 1
443 340 1
173 559 1
354 440 1
128 312 1
398 27 1
154 27 1
167 512 1
28 16 1
555 590 1
16 8 1
389 27 1
140 417 1
452 298 1
127 69 1
602 54 1
403 31 1
27 10 1
408 219 1
184 531 1
27 164 1
27 489 1
362 352 1
406 218 1
248 234 1
370 27 1
167 68 1
27 190 1
69 577 1
238 445 1
278 151 1
394 63 1
291 505 1
309 188 1
559 340 1
172 7 1
584 22 1
584 245 1
109 169 1
34 607 1
226 179 1
544 24 1
331 521 1
74 566 1
480 606 1
140 203 1
27 300 1
168 353 1
530 328 1
38 145 1
27 555 1
258 443 1
423 287 1
27 543 1
169 100 1
187 422 1
406 94 1
108 129 1
587 27 1
440 354 1
63 458 1
8 180 1
220 27 1
441 27 1
228 473 1
248 584 1
575 250 1
14 468 1
367 352 1
53 404 1
212 55 1
90 27 1
367 27 1
242 442 1
27 407 1
162 406 1
586 169 1
590 109 1
187 443 1
249 27 1
27 204 1
27 424 1
416 466 1
119 406 1
38 552 1
64 321 1
584 145 1
27 248 1
169 146 1
530 466 1
27 381 1
120 345 1
376 44 1
408 479 1
499 162 1
64 238 1
27 441 1
227 27 1
27 214 1
63 213 1
26 172 1
218 399 1
256 162 1
140 29 1
219 111 1
27 519 1
466 416 1
474 284 1
162 256 1
27 578 1
312 238 1
27 89 1
27 430 1
514 584 1
231 145 1
172 26 1
578 27 1
602 11 1
428 279 1
275 183 1
430 63 1
603 126 1
408 27 1
55 444 1
27 428 1
355 27 1
412 257 1
162 532 1
201 435 1
529 90 1
137 27 1
101 584 1
532 543 1
59 11 1
105 106 1
543 532 1
458 367 1
378 291 1
27 238 1
378 554 1
521 331 1
27 183 1
584 48 1
557 476 1
70 311 1
286 475 1
494 470 1
295 27 1
403 321 1
101 145 1
406 543 1
76 555 1
79 27 1
27 528 1
25 132 1
406 443 1
286 34 1
484 431 1
497 27 1
415 590 1
27 54 1
223 27 1
129 14 1
94 406 1
258 145 1
530 475 1
27 396 1
27 316 1
27 285 1
27 119 1
438 27 1
27 90 1
584 219 1
169 584 1
101 530 1
110 187 1
519 169 1
34 430 1
351 497 1
55 241 1
16 27 1
92 219 1
303 282 1
423 219 1
27 205 1
162 140 1
303 324 1
164 27 1
376 74 1
330 59 1
179 140 1
492 27 1
584 331 1
27 502 1
566 564 1
551 10 1
27 447 1
496 340 1
27 1 1
298 452 1
41 27 1
247 27 1
367 495 1
536 27 1
183 288 1
21 172 1
234 201 1
137 167 1
559 211 1
17 15 1
393 27 1
563 497 1
443 584 1
364 27 1
530 140 1
366 378 1
410 179 1
527 361 1
582 312 1
536 184 1
388 302 1
162 27 1
521 219 1
412 352 1
219 435 1
500 115 1
322 561 1
127 477 1
27 262 1
503 191 1
109 344 1
27 560 1
378 406 1
31 27 1
536 321 1
497 356 1
420 27 1
264 321 1
140 440 1
368 27 1
172 18 1
283 399 1
69 27 1
27 465 1
257 412 1
584 109 1
35 27 1
104 568 1
584 27 1
258 27 1
311 70 1
443 250 1
387 482 1
27 221 1
402 390 1
452 109 1
406 572 1
27 365 1
410 396 1
130 443 1
27 56 1
467 1 1
219 590 1
132 396 1
519 145 1
416 278 1
279 462 1
121 381 1
34 168 1
219 458 1
521 399 1
578 154 1
536 362 1
77 234 1
169 406 1
592 399 1
101 559 1
40 27 1
535 27 1
213 458 1
271 489 1
362 327 1
295 489 1
532 119 1
27 532 1
202 602 1
93 487 1
145 169 1
27 361 1
489 27 1
349 27 1
416 552 1
229 234 1
179 364 1
27 592 1
239 27 1
580 406 1
361 399 1
88 106 1
540 116 1
531 101 1
27 194 1
145 519 1
597 88 1
140 365 1
57 364 1
27 487 1
340 362 1
19 320 1
505 291 1
503 406 1
408 492 1
27 338 1
27 410 1
27 577 1
22 159 1
167 343 1
204 431 1
563 113 1
548 132 1
399 561 1
406 167 1
258 301 1
10 87 1
27 442 1
357 27 1
416 584 1
602 561 1
564 530 1
569 210 1
169 219 1
219 145 1
539 69 1
480 238 1
313 27 1
367 238 1
458 219 1
54 41 1
27 113 1
254 531 1
596 167 1
145 219 1
33 332 1
27 192 1
258 133 1
365 27 1
378 119 1
340 378 1
255 27 1
315 541 1
93 391 1
250 27 1
474 156 1
497 45 1
162 594 1
454 149 1
144 385 1
350 79 1
322 27 1
35 607 1
544 168 1
477 70 1
475 443 1
503 443 1
329 242 1
431 27 1
340 406 1
445 238 1
45 179 1
475 106 1
97 203 1
14 3 1
543 27 1
100 169 1
55 310 1
340 396 1
519 606 1
27 157 1
92 27 1
593 108 1
103 27 1
253 27 1
454 387 1
88 79 1
115 406 1
440 430 1
98 132 1
357 399 1
526 194 1
8 388 1
581 382 1
27 472 1
27 379 1
33 48 1
512 167 1
148 497 1
213 344 1
27 84 1
564 566 1
215 179 1
435 157 1
345 364 1
330 140 1
594 162 1
396 406 1
109 298 1
335 27 1
249 545 1
394 48 1
27 438 1
27 343 1
356 219 1
548 414 1
119 536 1
382 581 1
312 108 1
443 399 1
497 563 1
219 147 1
388 8 1
584 403 1
61 440 1
417 313 1
584 465 1
38 128 1
179 206 1
27 188 1
149 454 1
392 580 1
570 27 1
203 367 1
258 532 1
335 323 1
92 191 1
340 113 1
132 532 1
14 410 1
356 137 1
195 27 1
27 389 1
54 369 1
109 459 1
191 132 1
155 543 1
584 378 1
27 608 1
201 229 1
132 154 1
475 179 1
364 606 1
351 45 1
105 470 1
34 561 1
162 399 1
352 69 1
401 413 1
531 559 1
300 27 1
434 64 1
162 543 1
105 420 1
169 44 1
203 162 1
218 277 1
92 162 1
513 27 1
558 109 1
34 440 1
222 602 1
590 132 1
27 515 1
56 27 1
420 312 1
561 158 1
330 238 1
411 132 1
27 121 1
301 258 1
154 222 1
278 584 1
27 16 1
128 27 1
257 541 1
116 257 1
194 526 1
1 244 1
67 63 1
27 176 1
340 122 1
249 492 1
431 204 1
316 27 1
402 157 1
218 584 1
27 37 1
167 169 1
406 140 1
203 408 1
247 140 1
584 562 1
487 391 1
406 114 1
145 406 1
443 187 1
261 410 1
27 50 1
378 258 1
507 486 1
278 27 1
183 474 1
27 44 1
34 353 1
41 54 1
27 417 1
27 120 1
233 90 1
7 172 1
27 475 1
365 140 1
219 479 1
172 315 1
93 290 1
340 219 1
132 410 1
340 361 1
432 187 1
53 177 1
191 92 1
219 390 1
219 306 1
258 219 1
296 165 1
114 608 1
555 443 1
417 27 1
132 119 1
293 179 1
340 544 1
37 27 1
27 213 1
497 179 1
530 564 1
230 406 1
467 560 1
541 27 1
331 69 1
192 242 1
212 27 1
159 519 1
140 388 1
92 340 1
145 353 1
204 140 1
142 413 1
204 128 1
561 34 1
88 330 1
406 191 1
113 27 1
331 364 1
193 27 1
146 27 1
399 8 1
27 574 1
479 219 1
38 241 1
362 376 1
239 192 1
378 396 1
340 168 1
4 134 1
332 406 1
27 501 1
140 399 1
606 238 1
132 362 1
149 146 1
83 82 1
406 500 1
279 384 1
560 467 1
264 27 1
261 27 1
168 286 1
536 182 1
262 552 1
343 27 1
208 242 1
552 584 1
279 428 1
376 446 1
419 27 1
590 555 1
543 561 1
166 440 1
544 27 1
427 106 1
433 27 1
378 45 1
164 376 1
328 530 1
75 27 1
132 536 1
119 167 1
132 191 1
27 405 1
543 340 1
408 348 1
27 393 1
446 352 1
8 169 1
27 76 1
373 27 1
27 64 1
316 448 1
219 399 1
394 69 1
340 399 1
410 92 1
27 247 1
440 140 1
584 101 1
145 151 1
552 378 1
531 254 1
474 101 1
353 458 1
27 11 1
109 219 1
27 594 1
406 145 1
435 402 1
607 148 1
27 293 1
119 532 1
448 316 1
597 27 1
90 233 1
490 192 1
119 367 1
340 496 1
201 27 1
27 591 1
27 264 1
391 93 1
406 578 1
346 559 1
238 70 1
27 42 1
27 55 1
519 438 1
132 261 1
238 367 1
443 132 1
561 11 1
440 61 1
160 278 1
262 192 1
559 402 1
63 169 1
399 81 1
312 408 1
27 41 1
430 403 1
101 195 1
27 378 1
501 169 1
340 155 1
607 497 1
168 340 1
162 340 1
388 128 1
14 27 1
27 212 1
417 140 1
167 119 1
258 140 1
27 466 1
192 217 1
519 590 1
34 286 1
566 27 1
313 420 1
296 340 1
27 63 1
90 358 1
413 142 1
57 602 1
461 406 1
327 362 1
257 172 1
53 27 1
392 40 1
146 416 1
138 27 1
55 278 1
27 454 1
55 287 1
287 423 1
71 564 1
403 571 1
533 27 1
259 27 1
331 530 1
145 327 1
384 412 1
219 378 1
466 504 1
27 589 1
408 355 1
412 540 1
197 27 1
519 455 1
451 584 1
478 16 1
273 27 1
340 356 1
27 191 1
145 44 1
236 372 1
34 132 1
406 568 1
18 172 1
406 378 1
27 2 1
330 27 1
278 160 1
219 514 1
179 415 1
602 57 1
555 146 1
590 378 1
454 294 1
420 313 1
69 364 1
559 223 1
546 308 1
377 27 1
168 27 1
462 27 1
27 558 1
188 309 1
607 35 1
145 132 1
306 27 1
132 25 1
475 162 1
101 497 1
338 27 1
162 499 1
472 27 1
594 27 1
470 488 1
399 502 1
353 132 1
312 40 1
27 391 1
179 475 1
34 140 1
58 179 1
169 399 1
27 420 1
584 238 1
330 214 1
379 528 1
502 27 1
367 399 1
418 235 1
276 431 1
365 363 1
119 590 1
124 27 1
114 475 1
443 162 1
44 162 1
469 88 1
492 249 1
140 406 1
90 88 1
27 322 1
101 487 1
63 430 1
438 519 1
173 443 1
162 443 1
305 27 1
140 258 1
238 248 1
272 27 1
598 535 1
169 551 1
140 555 1
195 128 1
313 417 1
340 590 1
8 168 1
250 444 1
361 561 1
36 440 1
430 558 1
147 219 1
113 278 1
282 303 1
404 53 1
375 27 1
112 134 1
14 141 1
17 20 1
331 399 1
410 399 1
27 227 1
238 311 1
238 106 1
561 519 1
313 349 1
238 606 1
27 161 1
413 242 1
584 61 1
27 367 1
367 512 1
475 64 1
443 475 1
27 280 1
415 496 1
528 261 1
201 211 1
27 299 1
276 417 1
590 440 1
577 69 1
27 271 1
234 420 1
574 128 1
257 116 1
179 226 1
69 33 1
365 145 1
420 105 1
132 561 1
179 114 1
512 169 1
406 230 1
258 31 1
406 214 1
191 503 1
242 413 1
27 159 1
292 27 1
361 27 1
219 258 1
162 361 1
290 93 1
406 179 1
417 276 1
27 307 1
119 27 1
590 158 1
219 27 1
218 169 1
162 475 1
63 584 1
179 45 1
8 385 1
205 431 1
27 356 1
238 480 1
312 405 1
396 27 1
388 140 1
27 133 1
406 340 1
330 475 1
27 256 1
395 530 1
365 203 1
1 27 1
27 186 1
454 172 1
157 402 1
399 410 1
27 503 1
367 458 1
173 27 1
135 541 1
543 261 1
27 13 1
27 234 1
428 384 1
406 115 1
27 292 1
41 263 1
399 406 1
543 168 1
63 558 1
92 503 1
449 27 1
532 162 1
183 27 1
27 257 1
487 101 1
101 531 1
585 295 1
372 112 1
475 34 1
27 152 1
169 512 1
27 566 1
406 332 1
482 541 1
179 203 1
455 590 1
258 203 1
169 543 1
555 265 1
305 560 1
214 106 1
34 443 1
564 71 1
8 361 1
208 27 1
129 550 1
27 211 1
27 564 1
179 190 1
27 387 1
4 141 1
27 398 1
378 118 1
378 353 1
493 378 1
169 8 1
340 561 1
169 532 1
454 18 1
585 365 1
512 367 1
522 27 1
340 137 1
162 92 1
116 27 1
590 455 1
572 406 1
8 16 1
59 178 1
466 531 1
27 12 1
52 345 1
44 169 1
27 185 1
137 497 1
563 27 1
257 27 1
351 563 1
219 137 1
203 594 1
23 206 1
284 474 1
155 602 1
364 57 1
24 544 1
561 399 1
558 27 1
411 443 1
27 169 1
466 8 1
530 497 1
226 27 1
27 34 1
258 378 1
27 334 1
519 96 1
31 403 1
88 584 1
274 516 1
278 559 1
519 561 1
568 406 1
439 27 1
27 557 1
122 140 1
362 246 1
27 229 1
519 159 1
409 27 1
132 548 1
530 127 1
140 247 1
249 348 1
54 30 1
27 534 1
156 474 1
27 317 1
34 356 1
518 27 1
606 519 1
132 353 1
297 403 1
394 590 1
477 127 1
443 406 1
367 503 1
410 27 1
279 27 1
180 8 1
242 258 1
164 446 1
132 399 1
570 388 1
497 147 1
392 406 1
530 395 1
590 27 1
238 399 1
59 27 1
213 584 1
361 242 1
140 530 1
254 440 1
528 379 1
286 168 1
64 584 1
440 336 1
82 27 1
169 321 1
324 303 1
64 475 1
410 8 1
262 27 1
566 406 1
403 27 1
477 238 1
530 584 1
474 183 1
142 242 1
119 340 1
552 278 1
32 145 1
519 559 1
0 27 1
330 106 1
22 584 1
27 146 1
64 482 1
137 356 1
378 552 1
169 519 1
559 519 1
291 278 1
406 475 1
406 362 1
22 434 1
140 92 1
27 303 1
27 602 1
27 492 1
62 128 1
378 356 1
27 187 1
133 258 1
128 195 1
187 27 1
8 383 1
27 230 1
362 132 1
96 27 1
172 257 1
552 262 1
265 76 1
559 531 1
129 108 1
27 409 1
407 593 1
213 63 1
27 599 1
33 179 1
32 585 1
446 378 1
606 480 1
353 34 1
45 351 1
169 31 1
27 153 1
108 407 1
139 508 1
313 128 1
278 259 1
267 27 1
27 128 1
154 590 1
109 343 1
525 353 1
238 406 1
487 27 1
234 313 1
162 122 1
69 228 1
132 162 1
140 479 1
222 11 1
27 462 1
27 108 1
248 395 1
420 349 1
399 443 1
464 219 1
444 250 1
238 312 1
167 485 1
172 454 1
27 250 1
501 27 1
271 2 1
45 530 1
343 169 1
8 600 1
234 78 1
59 406 1
106 330 1
475 114 1
34 525 1
380 27 1
145 27 1
179 132 1
580 27 1
146 555 1
268 27 1
344 109 1
143 27 1
604 27 1
211 201 1
27 604 1
27 175 1
458 353 1
101 555 1
590 219 1
559 435 1
26 315 1
470 105 1
54 395 1
503 92 1
329 413 1
192 490 1
479 140 1
552 544 1
533 136 1
413 329 1
169 343 1
564 203 1
559 346 1
544 16 1
181 27 1
588 27 1
376 362 1
503 167 1
561 322 1
79 88 1
448 128 1
392 35 1
34 16 1
442 27 1
521 214 1
128 247 1
104 481 1
146 330 1
340 584 1
426 27 1
485 530 1
399 367 1
151 38 1
27 570 1
27 167 1
345 120 1
285 27 1
502 406 1
132 543 1
451 196 1
27 279 1
532 27 1
312 584 1
154 132 1
458 213 1
147 137 1
378 578 1
543 399 1
243 27 1
399 238 1
470 494 1
69 539 1
235 551 1
330 114 1
477 251 1
34 354 1
475 406 1
26 149 1
391 27 1
340 104 1
34 502 1
412 296 1
553 27 1
363 365 1
331 8 1
2 271 1
185 27 1
27 259 1
165 384 1
530 101 1
238 584 1
27 397 1
190 179 1
600 8 1
428 27 1
532 416 1
487 93 1
372 132 1
362 27 1
258 242 1
584 514 1
504 466 1
590 122 1
27 305 1
109 408 1
525 340 1
395 101 1
140 27 1
88 361 1
27 593 1
590 8 1
582 105 1
105 582 1
27 552 1
238 62 1
395 219 1
27 173 1
590 415 1
151 406 1
514 219 1
27 538 1
88 90 1
269 457 1
336 440 1
278 416 1
132 378 1
8 410 1
364 33 1
183 275 1
430 286 1
167 532 1
367 119 1
54 602 1
92 132 1
519 411 1
584 564 1
34 74 1
141 4 1
408 105 1
440 27 1
31 169 1
13 27 1
251 477 1
584 406 1
18 27 1
440 286 1
353 169 1
184 378 1
454 27 1
394 101 1
378 340 1
399 312 1
312 502 1
451 399 1
446 164 1
34 475 1
132 98 1
128 59 1
76 265 1
526 27 1
358 90 1
40 607 1
555 27 1
128 388 1
140 122 1
378 184 1
361 330 1
45 378 1
326 530 1
396 410 1
27 219 1
140 128 1
446 376 1
200 27 1
238 519 1
10 551 1
353 499 1
482 64 1
115 500 1
234 229 1
536 430 1
584 544 1
242 133 1
499 132 1
278 140 1
443 238 1
499 27 1
27 79 1
349 53 1
27 362 1
33 331 1
561 602 1
586 44 1
340 525 1
47 242 1
608 114 1
248 238 1
278 241 1
311 27 1
580 392 1
399 169 1
399 543 1
313 529 1
35 40 1
423 238 1
559 201 1
291 27 1
353 559 1
561 214 1
499 219 1
27 330 1
590 411 1
128 584 1
178 59 1
531 184 1
406 64 1
581 190 1
231 102 1
102 231 1
27 318 1
362 365 1
234 408 1
228 69 1
510 27 1
403 540 1
156 27 1
27 473 1
440 584 1
145 314 1
3 503 1
443 585 1
114 238 1
406 207 1
167 596 1
447 258 1
27 514 1
282 37 1
187 110 1
364 179 1
607 27 1
29 122 1
399 219 1
584 248 1
45 101 1
126 27 1
27 357 1
349 420 1
502 584 1
361 145 1
365 162 1
162 132 1
182 536 1
26 541 1
126 603 1
213 406 1
132 406 1
27 353 1
475 330 1
27 131 1
183 179 1
443 27 1
27 479 1
27 276 1
340 443 1
339 42 1
485 167 1
381 121 1
365 519 1
113 340 1
364 331 1
242 329 1
177 54 1
108 593 1
34 406 1
489 295 1
140 154 1
169 437 1
115 361 1
531 466 1
48 69 1
542 137 1
467 244 1
473 27 1
406 502 1
27 137 1
1 467 1
552 416 1
198 27 1
27 232 1
412 384 1
190 27 1
179 321 1
27 132 1
466 27 1
241 38 1
384 215 1
109 590 1
427 330 1
340 503 1
555 140 1
362 406 1
388 570 1
408 146 1
552 145 1
361 192 1
3 14 1
408 362 1
411 34 1
27 170 1
22 399 1
334 27 1
50 1 1
331 27 1
372 406 1
146 145 1
148 607 1
590 154 1
501 530 1
27 403 1
477 27 1
584 361 1
194 255 1
430 536 1
543 372 1
27 295 1
458 27 1
584 128 1
585 27 1
584 162 1
27 416 1
410 132 1
219 162 1
422 187 1
154 140 1
454 109 1
334 403 1
443 234 1
27 195 1
261 528 1
466 184 1
422 27 1
27 323 1
378 101 1
352 412 1
486 507 1
47 27 1
108 312 1
27 28 1
312 309 1
430 394 1
330 427 1
27 449 1
27 431 1
238 475 1
372 543 1
18 454 1
333 584 1
561 361 1
234 248 1
496 415 1
260 364 1
145 247 1
353 590 1
113 378 1
406 151 1
473 228 1
406 173 1
327 27 1
27 223 1
584 266 1
216 27 1
384 279 1
590 436 1
536 360 1
101 378 1
412 541 1
169 218 1
383 8 1
250 443 1
145 238 1
440 166 1
69 331 1
519 238 1
503 145 1
378 446 1
276 140 1
530 137 1
398 361 1
541 257 1
128 38 1
84 27 1
521 468 1
465 27 1
229 218 1
584 62 1
179 235 1
286 430 1
238 440 1
387 454 1
219 408 1
391 487 1
128 417 1
470 27 1
413 401 1
349 313 1
443 34 1
508 27 1
559 27 1
108 128 1
27 556 1
399 162 1
12 27 1
168 8 1
410 14 1
27 51 1
406 352 1
68 27 1
247 128 1
502 34 1
323 27 1
196 451 1
62 584 1
128 60 1
88 597 1
169 278 1
79 347 1
461 27 1
474 27 1
106 238 1
203 140 1
503 361 1
257 454 1
35 312 1
122 29 1
27 14 1
369 54 1
331 584 1
356 353 1
194 27 1
27 9 1
109 200 1
40 312 1
406 330 1
27 0 1
394 430 1
407 108 1
406 590 1
440 463 1
287 55 1
201 559 1
27 5 1
11 602 1
530 515 1
361 214 1
34 586 1
132 34 1
119 132 1
203 63 1
127 530 1
421 91 1
15 17 1
497 101 1
399 101 1
390 201 1
163 27 1
435 219 1
27 312 1
417 128 1
312 106 1
218 27 1
515 27 1
543 169 1
399 361 1
543 406 1
324 27 1
8 331 1
67 27 1
146 541 1
27 8 1
211 27 1
27 127 1
145 38 1
313 234 1
406 580 1
214 140 1
74 376 1
27 18 1
566 74 1
209 510 1
27 563 1
27 587 1
27 443 1
27 216 1
479 584 1
408 203 1
27 101 1
40 392 1
247 406 1
278 552 1
424 27 1
443 92 1
95 331 1
11 27 1
145 552 1
331 33 1
219 521 1
131 1 1
8 590 1
593 27 1
119 261 1
8 27 1
284 183 1
362 74 1
315 149 1
137 219 1
455 519 1
137 147 1
342 118 1
54 189 1
26 454 1
277 218 1
323 335 1
530 86 1
435 201 1
169 109 1
584 443 1
312 399 1
27 203 1
179 406 1
53 485 1
87 10 1
506 42 1
475 248 1
465 584 1
529 313 1
595 588 1
289 46 1
191 27 1
184 466 1
312 582 1
584 8 1
476 557 1
584 440 1
132 169 1
273 203 1
606 159 1
27 88 1
27 606 1
27 40 1
108 140 1
311 238 1
27 116 1
27 290 1
525 27 1
128 313 1
406 503 1
353 378 1
584 183 1
525 34 1
499 242 1
361 8 1
27 140 1
312 406 1
140 444 1
175 27 1
219 543 1
219 101 1
399 256 1
48 606 1
303 37 1
60 128 1
27 283 1
399 521 1
391 290 1
278 291 1
406 219 1
471 27 1
92 406 1
140 162 1
399 357 1
119 378 1
605 27 1
584 451 1
117 132 1
146 257 1
361 191 1
27 333 1
66 27 1
321 536 1
155 340 1
353 532 1
332 33 1
563 351 1
365 585 1
191 399 1
27 325 1
27 508 1
585 32 1
403 412 1
134 112 1
312 128 1
559 219 1
27 477 1
243 225 1
280 27 1
475 530 1
176 27 1
101 27 1
384 428 1
88 101 1
145 503 1
162 536 1
320 19 1
145 278 1
27 145 1
162 362 1
443 503 1
541 109 1
214 406 1
27 201 1
356 561 1
27 583 1
137 564 1
27 193 1
584 602 1
27 533 1
109 27 1
536 132 1
145 231 1
27 143 1
132 590 1
164 203 1
242 47 1
69 179 1
156 275 1
140 204 1
430 27 1
74 362 1
503 340 1
399 331 1
502 586 1
584 535 1
582 27 1
159 606 1
584 573 1
356 34 1
92 410 1
601 53 1
361 406 1
406 119 1
582 307 1
556 27 1
27 544 1
214 330 1
407 27 1
219 497 1
179 109 1
396 561 1
214 162 1
582 106 1
502 399 1
590 406 1
340 132 1
430 440 1
109 213 1
71 530 1
367 492 1
145 115 1
341 27 1
290 127 1
278 399 1
90 281 1
27 497 1
532 258 1
558 454 1
27 364 1
578 406 1
128 241 1
446 406 1
500 406 1
12 530 1
392 607 1
27 412 1
121 27 1
437 235 1
530 45 1
248 53 1
27 209 1
29 140 1
499 129 1
110 27 1
416 27 1
27 321 1
340 543 1
128 276 1
149 412 1
340 119 1
153 27 1
406 213 1
543 356 1
27 520 1
27 109 1
238 423 1
8 429 1
167 72 1
20 17 1
361 218 1
27 311 1
219 392 1
590 353 1
49 27 1
503 238 1
353 525 1
362 408 1
214 27 1
465 371 1
414 548 1
544 340 1
33 530 1
541 135 1
27 313 1
399 408 1
132 140 1
424 288 1
594 203 1
596 406 1
141 14 1
27 355 1
321 169 1
607 392 1
276 27 1
503 3 1
91 456 1
27 162 1
34 27 1
27 22 1
218 361 1
80 27 1
168 543 1
384 165 1
27 518 1
55 378 1
396 340 1
364 406 1
22 69 1
309 312 1
183 284 1
179 215 1
555 293 1
88 27 1
561 532 1
397 27 1
189 54 1
406 372 1
532 132 1
499 353 1
321 63 1
372 356 1
402 211 1
42 506 1
258 430 1
290 477 1
263 41 1
559 101 1
406 461 1
321 179 1
229 27 1
118 378 1
353 168 1
399 592 1
586 27 1
225 243 1
443 258 1
482 387 1
315 26 1
536 162 1
330 406 1
132 117 1
86 530 1
219 132 1
159 27 1
467 27 1
27 483 1
395 27 1
497 530 1
179 58 1
392 219 1
585 108 1
229 201 1
447 27 1
169 145 1
356 27 1
192 27 1
199 235 1
46 289 1
443 173 1
132 443 1
27 536 1
584 213 1
530 27 1
86 27 1
406 238 1
584 278 1
8 406 1
203 27 1
27 253 1
234 359 1
492 408 1
48 33 1
359 234 1
27 376 1
584 340 1
361 162 1
347 79 1
70 238 1
443 411 1
561 396 1
108 333 1
265 555 1
427 470 1
378 27 1
261 119 1
69 394 1
440 8 1
321 264 1
278 169 1
399 340 1
16 28 1
167 195 1
146 215 1
491 27 1
211 559 1
399 191 1
27 67 1
399 278 1
27 198 1
586 502 1
151 145 1
602 202 1
118 27 1
169 209 1
298 109 1
288 424 1
145 584 1
325 27 1
371 465 1
214 561 1
567 27 1
590 519 1
331 95 1
27 467 1
406 59 1
106 584 1
365 246 1
443 559 1
234 443 1
520 27 1
19 478 1
234 312 1
27 96 1
213 337 1
157 27 1
259 278 1
33 69 1
109 454 1
283 27 1
319 27 1
123 258 1
574 27 1
51 27 1
238 114 1
584 218 1
206 179 1
406 312 1
27 168 1
378 366 1
584 88 1
242 192 1
584 530 1
335 362 1
431 276 1
154 578 1
45 497 1
27 103 1
451 140 1
114 179 1
27 380 1
132 372 1
558 63 1
27 439 1
532 167 1
64 406 1
500 527 1
