1732 1669 1
268 1762 1
268 556 1
313 47 1
565 1285 2
2160 38 2
2160 240 1
2160 2235 2
2160 26 1
1807 805 1
420 47 1
1 290 1
1888 132 2
1888 1120 1
627 1981 2
655 2099 1
655 1366 4
655 2180 2
655 1952 1
655 959 4
655 908 1
661 1867 2
1875 47 1
766 47 1
2140 2447 1
2140 1890 1
319 47 1
935 1431 1
1781 833 1
1948 47 1
999 1399 1
2366 47 1
474 1481 1
634 251 4
634 1520 1
634 2191 1
634 1667 3
634 2014 1
634 2108 1
634 819 6
634 2087 1
634 327 2
634 1178 4
634 1436 1
634 951 2
301 47 1
68 47 1
423 2189 1
394 952 2
394 1851 2
1318 47 13
320 2301 2
1598 47 2
2190 47 5
1422 2153 1
1422 444 2
1422 1078 2
1422 2052 2
1422 708 1
1422 126 3
1422 1442 2
1422 2337 1
503 49 3
749 749 3
749 1211 1
749 2329 1
2281 1399 1
2044 1094 1
307 689 1
307 2337 2
1735 49 1
729 900 1
729 274 1
55 47 1
1022 2423 1
2295 2295 3
2295 2143 1
2295 622 2
2295 1883 2
2295 515 3
136 62 1
2406 2146 1
231 1614 1
87 47 2
922 47 1
1447 47 1
2177 2177 2
146 2426 1
1865 150 5
1805 1747 1
101 47 4
1092 2237 2
1820 47 1
217 983 3
2402 2402 4
2402 1394 1
2402 1286 3
2402 519 3
1198 47 2
873 1459 2
873 805 2
1102 1309 1
1102 1063 2
1497 1031 1
1497 125 1
1497 1095 1
265 2315 2
265 1273 2
265 224 5
264 1007 1
264 778 1
1727 47 2
929 47 1
1549 47 1
1211 749 1
1211 1211 4
1211 897 1
1211 1155 1
1211 194 1
1211 1144 2
1211 1707 1
1084 773 1
2403 49 2
208 47 2
772 47 1
185 2147 1
329 47 2
1025 47 1
1796 47 1
1400 2409 2
1390 2117 8
1390 18 1
2125 349 3
1482 298 2
1221 2435 2
1280 63 2
1141 47 1
2438 47 1
632 867 1
632 1762 4
632 290 1
1242 1242 2
1242 94 1
554 554 3
554 723 1
1611 86 4
1196 897 1
1845 47 1
539 1745 3
984 2286 1
984 249 7
1020 1020 2
1020 2456 3
1020 737 7
1704 47 3
2143 2295 6
2290 535 1
431 290 2
431 556 2
500 49 2
1860 1165 2
1860 1798 1
1860 269 2
1363 285 1
1363 1981 1
1363 456 1
557 47 1
588 2330 2
699 2289 2
1177 1384 1
1177 1169 1
1177 9 1
962 1967 3
962 490 1
962 1362 2
336 2117 1
1570 2365 1
2284 2019 1
404 1452 1
1167 1677 1
2110 754 1
1389 2473 1
1342 47 1
255 47 1
1779 47 1
81 2164 7
81 721 1
81 1881 2
81 2253 2
81 352 2
1370 47 1
897 1211 1
897 1196 1
897 432 1
897 238 1
897 1790 1
897 2118 2
897 1834 3
897 1881 2
897 1139 1
897 115 1
897 1786 1
897 225 1
897 1756 1
897 1711 4
897 576 1
897 53 2
897 966 1
897 888 1
897 1486 2
897 21 3
897 2218 4
897 2054 5
897 567 6
897 1968 2
897 803 1
897 835 1
897 2095 1
897 2031 3
897 2305 2
897 2409 1
897 548 1
897 834 6
897 908 1
897 478 2
897 810 3
2053 194 1
988 988 3
988 1703 7
2172 47 1
448 1966 1
1623 1481 5
773 1084 1
773 924 1
773 2103 1
773 1169 1
773 1537 1
773 1624 6
773 1307 5
773 1816 2
773 1608 1
1355 47 3
900 729 1
900 874 1
900 2017 1
2325 195 1
2325 2259 1
2325 825 1
2325 2085 1
920 1108 3
920 1067 1
920 1879 1
877 1135 1
638 47 1
1423 1423 4
1423 469 2
1423 22 1
1423 1241 9
1423 792 1
1423 2089 1
1423 1690 3
1423 2251 1
2100 867 2
2100 894 1
2100 1957 3
2100 741 1
2100 2291 2
2100 2337 4
703 89 1
703 2305 1
2463 2463 3
2463 460 1
285 1363 1
285 1887 2
285 1981 3
285 1190 1
285 456 1
285 2257 1
1830 2171 1
1830 462 1
1831 1831 2
1831 1135 4
1831 1452 1
1831 71 4
1831 1011 1
2427 3 1
852 1155 2
852 987 2
432 897 1
821 47 1
193 193 2
193 380 1
193 590 9
193 2301 9
193 1030 1
193 186 6
16 930 1
885 1135 1
1219 2169 1
1219 424 1
1780 1808 1
2040 47 1
2302 47 2
1895 249 9
540 605 1
117 1135 2
117 1673 1
1634 1135 1
1634 71 1
106 47 1
477 2258 4
477 2409 3
2146 2406 1
2104 904 1
867 632 1
867 2100 2
867 867 2
867 238 1
867 728 3
867 1513 1
867 1135 3
867 2424 3
867 2271 1
867 1834 1
867 983 2
867 1762 5
867 1686 3
867 2218 1
867 2054 2
867 1335 1
867 594 1
867 1055 1
1151 1385 1
1151 148 1
1459 873 5
1459 1602 2
1459 2006 2
1459 805 2
2452 1253 1
1702 2056 2
1557 2352 1
2098 2455 1
1721 47 1
2425 47 2
1696 47 2
469 1423 1
469 2089 1
2340 987 1
150 1865 2
150 387 1
150 2175 2
150 1063 2
150 1495 1
150 567 1
150 648 1
150 2198 3
150 697 1
150 1095 1
750 212 2
986 1001 2
1388 47 1
238 897 1
238 867 1
238 664 1
238 324 1
238 548 3
1602 1459 1
1347 979 2
709 1001 2
1138 1929 1
97 47 1
212 750 2
212 791 1
1249 1825 1
1249 1746 3
1249 908 2
292 628 2
291 47 2
1870 47 1
1045 593 2
1097 47 1
1909 1798 3
936 908 2
111 47 2
232 47 1
1387 47 1
1716 47 1
1108 920 3
1755 47 1
1862 47 1
178 633 1
2367 2367 2
2367 647 1
2367 1541 7
242 47 1
504 987 1
504 2447 2
251 634 4
251 1520 4
251 951 1
806 629 9
806 51 1
1742 1001 2
1013 2047 1
1013 2360 1
90 47 2
645 47 2
2327 1756 1
2217 519 5
1988 47 1
1384 1177 2
499 47 1
707 462 1
717 47 2
1827 47 1
1431 935 1
1431 2006 1
228 516 1
228 535 1
228 1006 1
228 1989 3
228 2360 1
797 47 1
1899 1165 1
1899 2056 1
1899 2120 2
1899 2286 1
1899 1952 1
1899 2447 1
1899 2218 2
1899 1636 3
1899 2023 1
1322 2218 1
946 47 1
1098 1098 2
1098 1373 1
1098 1524 1
1098 1123 2
2072 247 1
1192 1170 2
1790 897 1
1790 1170 1
930 16 1
930 930 2
930 1076 1
1067 920 1
1067 2365 2
1542 1689 2
584 47 1
791 212 1
2304 1244 1
375 1310 2
1021 1021 2
1021 535 1
856 47 13
1410 47 2
1382 47 1
2012 47 1
1016 2147 2
1016 680 3
1016 1432 1
1016 2218 1
1016 698 1
1016 804 1
1016 908 2
1970 1144 2
1511 47 1
452 1377 2
2118 897 2
2118 2118 6
2118 1693 4
2118 53 1
2118 548 1
171 1132 1
2401 47 1
1857 1346 1
124 47 1
679 47 3
22 1423 1
1723 47 2
1288 1288 2
1288 2045 2
1319 47 1
901 2409 1
1693 2118 4
1693 1693 4
1693 256 1
1693 1487 1
1693 437 1
1693 35 2
1946 47 1
1356 1356 2
1356 209 1
1397 47 1
1517 1881 6
1152 1481 1
2298 47 23
1259 47 1
2060 110 1
2060 1278 1
2060 599 9
2060 80 2
2060 224 1
293 1060 2
88 18 1
1244 2304 1
1244 1244 3
1244 1429 2
1529 1782 1
123 1324 1
1232 47 103
1434 1460 2
1910 1135 3
1247 444 2
1125 1125 2
1125 446 3
258 1427 3
258 535 1
258 1671 1
258 2360 1
258 833 2
820 2056 1
820 708 2
820 1636 1
820 631 1
820 247 1
2130 2130 2
2130 209 1
70 2455 2
70 1107 1
514 47 2
604 677 1
1035 1590 1
1035 1111 1
801 41 1
2057 2288 1
1333 682 2
724 724 2
724 358 1
724 857 1
1457 779 1
302 47 1
2435 1221 1
664 238 1
664 174 1
850 2150 1
1959 1959 2
1922 1504 1
545 2432 1
545 1155 1
1633 47 1
1128 894 2
1128 370 2
1445 47 1
41 801 1
1841 47 1
306 47 3
368 368 10
368 1881 49
368 1612 3
368 628 3
368 1989 1
1567 47 1
1793 230 6
1599 1599 2
1599 34 5
1599 2147 8
1599 1711 4
1599 434 1
1599 1076 1
1599 1594 1
1599 2409 1
2285 397 2
2285 210 1
297 1052 2
353 1724 1
725 385 1
725 2475 2
622 2295 1
622 2126 2
622 1452 1
2300 47 1
1385 1151 1
1385 446 1
1848 695 1
1848 478 1
1995 1076 1
1337 330 1
2002 2002 4
2002 923 4
2002 567 1
2261 2261 2
2261 1345 2
2261 2097 1
2261 1346 1
2261 576 1
1821 47 1
17 47 1
1470 786 1
1146 47 1
2011 2011 5
2011 286 1
2208 47 6
1854 2447 4
1081 47 2
324 238 1
324 1135 1
324 1155 1
324 1834 1
324 1452 2
324 71 1
324 135 1
324 2332 1
324 2054 1
324 1543 1
324 2330 1
324 835 2
324 1335 1
324 2235 2
324 2291 1
324 968 1
2428 1207 2
2428 981 4
2428 1686 6
2428 523 6
2428 1114 1
2428 2199 1
372 47 1
334 371 1
589 47 2
187 965 1
187 1762 2
1494 1494 2
2151 835 1
1892 1920 2
1892 805 1
2377 1360 1
1986 1008 1
1986 397 2
1986 760 4
1986 1844 1
1986 1377 1
2429 2352 1
606 842 1
1127 1730 1
1207 2428 2
1207 981 1
1207 1686 4
1207 523 1
1207 2199 2
1692 601 1
1692 567 1
1240 1240 2
1240 1213 2
1240 755 4
1240 426 2
1240 1566 3
1240 2455 2
1240 2218 1
2099 655 1
2099 1952 1
2099 959 2
1883 2295 2
49 503 3
49 1735 1
49 2403 1
49 500 1
49 1855 1
49 118 3
49 687 1
49 299 1
49 119 19
49 493 1
49 1145 2
49 1364 1
49 2194 2
49 1261 4
49 827 2
49 2112 1
49 583 1
1803 1736 1
1225 1225 6
1225 1253 12
1225 451 3
869 47 1
887 47 1
1837 47 1
473 1739 2
473 1001 1
473 2159 2
473 1350 1
473 686 2
473 1110 1
1853 47 1
139 1373 2
373 47 1
2362 47 1
1048 47 1
2426 146 2
2426 1826 2
1953 210 1
1852 397 2
1852 2271 2
1852 1881 1
1852 2218 3
1852 968 1
2121 47 1
2220 47 1
220 2288 2
516 228 1
516 350 1
1801 561 1
1578 1804 1
1646 1373 2
349 2125 3
349 1366 3
349 339 1
349 1135 1
349 1881 2
349 1467 1
349 1872 1
349 2359 2
349 1217 1
349 1224 4
853 1315 4
2013 2013 6
2013 2144 3
2013 1139 1
2013 196 1
2013 1011 1
2013 1927 1
2013 2409 16
571 47 2
941 941 2
941 2107 3
941 1728 1
941 1828 3
941 1526 3
277 2050 2
277 2019 2
847 62 2
874 900 1
2234 2004 1
1720 945 1
817 304 2
817 814 1
1052 297 3
1052 2252 1
1052 1346 1
1279 47 1
12 47 1
1675 1427 5
2225 2409 2
776 47 7
898 47 2
1630 2253 1
34 1599 4
34 2147 1
34 1594 1
34 908 3
34 2373 1
762 47 4
1173 47 4
1739 473 2
2465 685 1
262 983 3
1520 634 1
1520 251 4
1520 961 2
1520 819 2
1520 1195 1
1520 951 2
163 2370 1
952 394 1
952 952 10
952 1135 1
952 1155 6
952 904 2
952 1481 2
952 767 1
952 1346 3
952 446 1
952 2411 5
952 1264 2
952 858 1
952 1123 1
952 298 2
952 2 1
952 1099 2
952 1011 2
952 2256 2
952 558 2
952 2371 1
952 998 1
952 1927 2
952 288 1
952 1982 8
367 47 3
2181 752 1
1164 497 4
665 47 3
1341 47 1
1001 986 2
1001 709 2
1001 1742 2
1001 473 1
1001 2159 1
1001 2043 2
1001 2382 2
1001 1350 2
1001 1189 1
1001 1800 2
1001 686 4
1001 895 1
1001 2356 4
1001 1518 4
1001 345 2
1001 1660 2
1001 518 1
1001 164 1
1001 1271 1
1001 1029 1
1001 2335 3
1001 1298 1
1001 1731 1
1001 1700 1
1001 145 1
1001 2231 1
1001 1201 9
1001 641 1
1001 2228 1
1001 619 1
1001 2337 1
728 867 2
728 728 2
728 760 2
728 1306 1
728 2286 2
728 1994 3
728 1844 3
728 1756 2
728 1850 1
728 905 1
728 1435 1
728 1011 2
728 1313 2
62 136 1
62 847 2
62 62 2
62 2303 1
62 895 1
62 1518 3
62 741 1
62 733 1
62 657 1
62 902 1
62 933 2
62 1832 1
62 54 1
62 2391 2
62 1876 1
62 926 3
2410 120 1
2410 510 2
2410 392 2
481 204 4
481 793 1
2448 2448 3
2448 2147 4
2448 1047 2
1297 1686 1
1297 523 2
1297 2199 1
1573 1076 1
1573 2337 1
304 817 3
304 950 1
304 1450 1
304 1717 2
304 987 1
304 814 1
304 628 1
304 1175 3
304 3 2
878 47 2
253 2432 2
950 304 1
1493 280 1
1077 1139 1
894 2100 1
894 1128 1
894 1008 3
894 987 1
894 1957 2
894 2350 1
894 674 1
894 2291 3
751 47 3
1475 1008 1
973 1745 1
955 835 1
955 908 1
246 2153 1
246 987 1
454 1008 1
454 1952 2
454 908 1
1490 47 3
2430 2052 4
1891 2473 2
1891 732 1
467 1324 1
189 189 2
189 924 1
189 1881 1
189 987 1
189 1762 2
189 176 1
189 628 1
189 640 1
189 1594 3
189 2054 2
189 2330 2
189 1987 1
189 7 3
189 908 1
2159 473 3
2159 1001 1
2303 62 2
2010 2010 2
2010 1991 1
2010 1952 1
2010 628 1
2010 1076 1
2010 2054 2
2010 698 1
2010 1335 1
2010 1619 1
2153 1422 1
2153 246 1
2153 94 1
2153 126 1
1991 2010 2
1991 1991 2
1991 1952 2
1991 1076 1
1991 2200 1
1991 2373 1
1710 47 2
407 525 1
1565 708 2
1999 47 1
2157 47 1
1209 47 2
2326 1804 1
206 206 1
206 1346 1
2229 908 1
2136 1352 7
2136 2441 9
2136 2447 2
581 47 7
99 2389 1
99 2227 3
1621 2305 2
1546 1813 1
1210 1974 1
1250 1250 2
1250 1981 4
343 1218 1
2248 47 1
257 47 1
727 567 1
727 174 1
1185 614 1
1185 2444 1
1185 677 3
2043 1001 2
296 1324 1
1618 1618 2
508 47 3
1561 1155 2
2032 2032 2
1345 2261 1
1345 1648 3
1345 1346 1
1345 2054 5
1345 1751 1
1134 47 1
1795 1933 2
924 773 1
924 189 1
924 1368 1
924 148 1
924 746 1
917 47 1
1523 525 8
1523 1466 1
967 47 1
828 47 1
1105 47 1
110 2060 2
110 1273 3
110 224 1
110 541 2
621 1324 1
2331 47 2
1441 1360 2
1441 1121 1
784 47 1
672 672 4
672 1346 3
1282 1558 2
786 1470 1
1237 47 1
387 150 1
981 2428 3
981 1207 1
981 1686 2
981 523 1
981 295 1
981 2199 1
406 406 11
1245 47 1
2147 185 1
2147 1016 1
2147 1599 5
2147 34 1
2147 2448 2
2147 2147 8
2147 653 1
2147 515 11
2147 763 4
2147 666 1
2147 1139 5
2147 635 1
2147 2380 1
2147 1609 1
2147 1711 1
2147 985 3
2147 1076 2
2147 2279 1
2147 1594 3
2147 682 1
2147 779 18
2147 1766 1
2147 1222 1
2147 1804 3
2147 529 1
2147 2264 1
2147 677 2
2147 2343 1
143 47 2
1087 47 1
1897 47 1
2470 47 6
956 47 1
1775 1775 2
881 1418 4
881 1230 6
881 1983 5
881 2457 1
881 156 3
881 1284 1
881 1592 1
881 1699 3
1015 1758 2
1651 1651 4
1651 2380 2
1651 779 9
436 47 1
2092 2409 3
2092 2313 2
2050 277 2
2050 2019 1
1745 539 3
1745 973 1
676 1360 1
1366 655 3
1366 349 2
1366 2117 1
1366 38 1
1366 1268 1
1366 2417 2
1366 1952 1
1366 1783 1
1366 2062 1
1366 1839 2
1366 2457 3
1366 2288 3
1366 1872 2
1366 2066 3
1366 1765 2
1366 719 1
1366 1007 1
1366 1224 2
1863 613 1
768 47 1
1165 1860 1
1165 1899 1
72 983 1
1776 1776 4
1776 1930 1
1776 2352 9
943 2352 3
758 918 1
568 47 1
2117 1390 9
2117 336 1
2117 1366 1
2117 2117 2
2117 403 2
2117 2457 1
2117 663 1
2117 1281 1
2117 1753 2
2117 1420 11
2117 1304 2
2084 2041 2
31 1974 1
444 1422 3
444 1247 1
444 444 3
444 631 3
1142 1142 3
1142 250 1
1142 2324 1
38 2160 1
38 1366 1
38 1401 1
607 47 1
1296 94 2
2342 47 6
2277 47 1
1411 789 1
1411 1625 2
1411 495 1
1411 2210 1
1291 47 2
2129 344 1
1028 1028 2
1028 344 5
2412 1139 1
1887 285 2
1887 1887 2
1887 1981 3
1887 1039 3
1887 1320 1
1887 20 1
1887 218 1
1979 987 1
1943 769 1
1401 38 1
949 533 2
949 1666 6
949 1606 2
949 1062 3
1258 47 1
1590 1035 2
1590 1914 3
1590 1762 4
1590 2000 2
1590 399 2
2193 47 1
670 2218 1
2027 951 3
555 525 2
2067 480 1
1669 1732 1
1669 1669 7
1669 586 1
1669 765 2
108 1762 2
1276 47 1
332 548 1
586 1669 2
1937 47 1
1698 47 1
1274 812 1
166 47 8
1677 1167 1
2076 216 3
2076 2409 3
1241 1423 7
1241 1483 2
1468 2038 2
1468 2093 2
1468 1352 2
1468 2445 1
1981 627 1
1981 1363 1
1981 285 4
1981 1250 3
1981 1887 4
1981 1981 4
1981 1383 1
1981 2144 1
1981 33 1
1981 2439 1
1981 674 8
1981 1096 1
1981 576 2
1981 1846 1
1981 1829 1
1981 1767 1
1981 460 3
1981 908 2
1981 2368 1
1981 456 3
1840 47 1
2036 1966 1
1383 1981 1
1383 1737 1
1383 159 2
1383 1430 1
1383 1300 1
1383 2262 1
1383 1061 2
1383 544 1
1985 47 1
848 2163 1
848 1972 3
848 2051 1
385 725 1
385 1135 4
385 355 1
385 1155 2
385 2271 2
385 1481 4
385 1452 2
385 2054 9
385 567 2
385 2359 2
385 484 2
2333 47 2
1708 172 1
1708 519 1
1089 577 2
1089 2226 2
2355 2355 2
2355 2022 1
2355 2048 5
2355 577 7
2355 1984 3
222 51 1
851 47 1
1990 2271 1
1990 2054 5
328 1711 2
1640 47 1
1472 1352 6
862 47 2
2174 47 1
1997 47 1
512 501 1
1555 1939 1
1919 1455 1
1919 769 4
549 1762 3
560 1135 1
339 349 1
339 1467 1
1676 47 2
1302 628 2
198 1094 2
2144 2013 2
2144 1981 2
2144 2144 2
2144 397 1
2144 1568 2
2144 1481 5
2144 1011 1
2144 1594 2
2144 1029 5
2144 2218 1
2144 1631 1
2144 2305 1
2144 2263 2
2144 1984 4
2144 1927 2
2144 2409 7
2144 2232 1
2144 495 1
2144 754 2
2144 908 1
1993 1756 1
2059 47 1
4 47 1
1709 2008 2
2061 47 1
2154 908 1
506 1157 2
488 488 4
488 1568 9
1898 1898 2
1898 2282 2
1898 710 1
1898 1421 1
616 47 1
969 47 1
1616 1616 3
1616 1206 1
1969 47 1
582 33 1
582 1034 1
582 633 1
582 370 2
1662 2105 1
1740 639 2
33 1981 1
33 582 1
33 2180 1
33 1952 1
33 1686 1
33 674 2
33 2230 1
33 1335 1
33 370 1
33 908 1
830 63 1
689 307 2
689 689 12
689 418 1
689 1481 1
689 650 1
689 2443 27
689 321 2
689 1913 1
1628 1008 2
1628 2175 1
1628 1155 1
1628 194 6
1628 2437 1
1628 1686 3
1628 1978 7
1628 799 1
1628 263 2
1628 210 1
1628 230 1
1628 1642 2
1586 47 1
2389 99 1
2389 2389 2
2389 1881 2
2389 987 3
2389 1139 1
2389 1730 1
2389 176 3
2389 1481 1
2389 1856 1
2389 2047 2
2389 2336 1
2389 1558 1
2389 528 2
2389 2360 1
2389 42 2
2389 833 2
2389 7 3
2389 908 2
2164 81 7
2164 2164 2
2164 2253 3
2164 1663 2
2164 182 1
2005 47 1
2025 1324 1
1855 49 2
2114 1011 2
2460 1481 1
2399 720 1
1559 47 1
1202 1759 1
1513 867 1
1513 1762 2
1414 1309 1
1414 1673 1
629 806 1
629 2056 2
629 51 3
270 142 2
270 1394 1
270 1286 1
270 519 4
270 93 1
270 2434 1
612 47 1
854 47 10
2103 773 1
2103 1307 1
1012 47 1
227 498 1
1859 1182 1
2214 1614 1
1268 1366 2
527 47 1
800 75 1
2382 1001 2
1150 47 1
1656 1656 2
1656 1139 5
1656 1952 1
1656 674 4
1656 2054 2
1656 1798 1
1656 1335 1
1656 1608 1
2101 2101 2
2101 2475 2
2101 1452 1
2101 216 5
2101 903 3
335 525 2
1648 1345 4
1648 515 2
1648 1942 2
1648 1060 4
118 49 4
1213 1240 1
1449 1449 2
1449 397 1
1449 576 1
1449 2054 1
1449 711 1
1449 968 1
2162 1818 1
2162 2134 1
2162 1499 1
2162 2443 2
2162 753 1
2162 833 1
2162 2320 2
2133 1135 2
245 492 1
653 2147 1
173 47 1
1041 1041 3
1041 1135 1
1041 2296 1
1041 1936 1
1041 1360 1
1041 601 3
1041 2475 2
1041 1452 1
1041 2447 1
1041 501 1
1041 1506 1
1041 1311 1
1041 478 1
311 330 1
311 497 1
311 1076 15
311 738 1
311 160 4
2058 1324 1
1086 1007 1
870 47 1
1340 47 1
2318 2318 2
2318 662 6
2318 2419 1
2079 1360 1
2079 1881 13
980 338 4
1392 47 1
30 47 2
1544 1939 1
1683 47 2
107 47 1
875 2352 1
1417 47 1
2176 1466 1
82 47 1
1971 983 2
1824 397 2
2432 545 1
2432 253 1
2432 2432 5
2432 1155 5
2432 2271 1
2432 470 1
2432 1452 4
2432 478 2
1729 47 1
965 187 1
1275 446 1
651 1762 2
310 94 1
1220 2359 1
652 501 1
365 365 2
365 1099 2
2064 1124 1
1396 1638 1
2334 47 1
1212 47 1
254 1762 1
254 389 1
2458 47 1
6 47 2
2167 47 2
2439 1981 2
388 1506 2
1443 2020 1
275 2271 1
1348 515 1
5 47 1
1464 682 2
515 2295 5
515 2147 14
515 1648 1
515 1348 1
515 515 4
515 2048 2
515 2352 1
515 1007 2
515 2409 1
515 529 1
515 778 5
1161 1229 2
774 774 2
774 267 1
774 1139 1
774 1925 15
774 418 1
774 1762 3
774 2437 1
774 2475 6
774 1711 1
774 2354 2
774 2313 1
2122 915 1
812 1274 1
812 812 2
812 1655 1
812 2291 6
223 2357 1
2035 47 1
2258 477 4
1326 47 2
1406 863 1
1008 1986 1
1008 894 4
1008 1475 1
1008 454 1
1008 1628 3
1008 1008 4
1008 1155 4
1008 1437 1
1008 1032 1
1008 1568 1
1008 86 4
1008 1844 1
1008 2201 2
1008 1915 4
1008 1686 5
1008 1819 1
1008 1694 3
1008 21 1
1008 2170 11
1008 427 1
1008 2305 1
1008 2294 1
1008 2018 1
1008 908 2
802 47 1
2283 47 1
2310 2433 2
2175 150 1
2175 1628 1
2175 2175 2
2175 501 3
2175 1488 2
2464 2464 2
2464 76 2
1265 47 1
2131 495 1
1914 1590 3
1914 916 2
1251 47 1
1806 1762 2
928 1952 1
1236 1452 1
1236 1761 3
1330 47 1
489 2359 1
2252 1052 1
2029 1452 1
317 1760 5
317 1734 1
317 1593 1
721 81 1
2191 634 2
2191 951 1
1135 877 1
1135 1831 3
1135 885 1
1135 117 1
1135 1634 1
1135 867 1
1135 1910 1
1135 324 1
1135 349 2
1135 952 1
1135 385 3
1135 560 2
1135 2133 1
1135 1041 1
1135 2271 2
1135 470 1
1135 1834 1
1135 1139 1
1135 1481 3
1135 601 1
1135 1814 2
1135 1452 16
1135 609 1
1135 71 4
1135 576 6
1135 250 3
1135 1003 5
1135 1673 3
1135 1011 1
1135 650 4
1135 2218 1
1135 2054 13
1135 567 3
1135 921 1
1135 1248 2
1135 2359 3
1135 2031 1
1135 94 1
1135 501 1
1135 1292 1
1135 1506 4
1135 1311 2
1135 417 1
1135 2379 1
1135 486 8
1135 2450 1
1135 149 1
1135 52 1
1135 2291 1
1135 1817 1
1135 834 4
1135 1752 1
1135 2081 4
1135 908 5
1135 2199 2
43 47 3
414 47 1
259 2288 3
380 193 1
380 380 7
380 1346 2
380 446 4
1687 47 1
2296 1041 1
536 2291 1
1571 47 1
1380 2411 2
1309 1102 1
1309 1414 1
162 833 4
578 47 1
1027 350 2
1492 1157 1
355 385 1
355 1481 4
1353 1353 4
1353 975 2
1353 1360 1
1353 1481 2
1353 2244 1
1353 1452 2
1353 2332 1
1353 94 1
1353 1927 7
1353 2409 1
1353 2372 1
1353 2313 1
1372 1372 2
1372 1293 2
18 1390 1
18 88 1
18 1458 1
18 482 1
18 1903 1
18 868 1
18 1254 1
18 192 3
18 587 1
1954 1011 1
1954 2345 1
1653 1653 2
1653 1227 1
863 1406 1
61 1952 2
61 1049 2
61 1404 1
1350 473 2
1350 1001 3
1350 1350 3
1155 1211 1
1155 852 1
1155 545 1
1155 324 1
1155 952 5
1155 1561 2
1155 385 1
1155 1628 6
1155 2432 3
1155 1008 4
1155 1155 8
1155 376 1
1155 2271 1
1155 2456 1
1155 1139 1
1155 630 1
1155 1474 1
1155 1568 2
1155 1762 6
1155 86 1
1155 2180 1
1155 1481 1
1155 2201 2
1155 446 4
1155 1915 4
1155 1756 1
1155 2475 2
1155 1819 1
1155 674 1
1155 2394 1
1155 53 1
1155 21 1
1155 2218 1
1155 2054 3
1155 2170 2
1155 835 1
1155 1313 3
1155 551 1
1155 340 1
1155 1927 2
1155 2409 1
1155 495 3
1155 754 2
1155 908 1
1516 47 2
2233 47 2
1063 1102 2
1063 150 2
2097 2261 1
2097 2097 2
2097 1346 1
2097 918 1
1715 47 1
842 606 1
1458 18 1
1031 1497 1
100 983 1
1278 2060 1
599 2060 9
599 1965 1
599 1273 13
599 224 2
2246 47 1
194 1211 1
194 2053 1
194 1628 5
194 194 2
194 1139 3
194 1514 1
194 1283 1
194 799 1
194 1893 1
194 908 3
194 230 6
125 1497 1
457 23 3
457 1718 1
970 47 1
2006 1459 3
2006 1431 2
1706 47 1
2316 47 1
736 1989 3
2182 1486 1
195 2325 1
1737 1383 1
1156 47 1
1654 47 1
316 2446 3
316 793 6
397 2285 1
397 1986 2
397 1852 1
397 2144 1
397 1449 2
397 1824 2
397 397 17
397 1818 1
397 760 2
397 300 1
397 470 2
397 1881 1
397 1851 1
397 1878 2
397 2008 1
397 1952 2
397 2201 1
397 446 3
397 2437 2
397 1756 6
397 1760 1
397 905 1
397 1822 1
397 298 10
397 576 2
397 2394 2
397 1371 1
397 1011 2
397 2054 2
397 272 1
397 458 1
397 94 1
397 558 12
397 1200 1
397 769 1
397 1377 1
397 908 2
1189 1001 2
252 47 1
1896 1896 4
1896 2205 2
191 235 1
1818 2162 1
1818 397 1
1818 1427 2
1818 1881 1
1818 987 1
1818 148 2
1818 2026 1
1818 1499 1
1818 674 1
1818 2139 1
1818 879 1
1818 2360 2
1818 833 1
1818 495 1
1450 304 2
1450 1450 4
687 49 1
2446 316 2
2446 2446 2
2446 793 4
243 47 2
975 1353 3
975 975 2
975 1481 1
975 1927 1
2322 567 1
45 1939 1
95 94 3
1519 2292 1
763 2147 6
763 763 2
2090 2048 1
2090 778 2
947 47 2
361 1927 1
361 2199 1
1667 634 3
684 1373 1
1906 563 1
131 47 1
1717 304 1
1717 2330 5
1169 1177 1
1169 773 3
1681 1324 1
482 18 2
2424 867 2
376 1155 1
376 495 1
1126 47 1
1427 258 2
1427 1675 2
1427 1818 1
1427 535 3
1427 1671 1
1427 1407 2
1427 2360 1
36 1080 1
1866 615 2
1866 1042 4
760 1986 6
760 728 2
760 397 2
760 1756 2
760 2054 1
1936 1041 1
1903 18 1
1903 587 1
2056 1702 1
2056 1899 1
2056 820 1
2056 629 1
2056 2056 3
2056 759 9
2056 708 1
2056 705 1
2056 1636 1
485 47 2
1171 47 1
695 1848 1
695 1957 1
695 1452 2
695 1438 1
695 714 1
695 1738 2
695 2291 1
695 478 3
490 962 1
490 1947 3
490 1798 1
1967 962 2
1967 1362 1
1069 1076 1
994 47 1
752 2181 2
752 752 6
752 495 2
1059 720 1
1059 1508 1
2126 622 3
2126 987 4
2126 1452 1
2126 486 3
2126 2337 3
1316 47 1
2469 2469 2
590 193 7
590 590 4
590 2413 3
590 1030 1
590 1843 2
590 2263 1
590 602 3
637 47 1
1691 47 2
1440 47 1
2237 1092 1
2237 2237 4
2237 1137 1
2237 1446 7
2237 1747 12
2237 175 2
2237 1764 1
2237 104 1
2237 793 1
2237 60 3
2237 2319 2
2392 1939 2
2240 47 4
405 2180 4
666 2147 1
911 47 1
204 481 3
204 793 1
204 487 2
1627 2409 1
1166 2048 1
1166 1007 2
1462 47 1
234 47 1
788 1939 1
1491 2352 11
2275 47 1
300 397 1
2111 47 2
1306 728 1
1306 1306 2
1306 891 1
1306 1952 2
1306 235 1
1306 835 1
1306 761 1
1306 2423 1
2071 2306 1
2071 2291 1
2071 478 2
680 1016 4
680 680 16
680 2173 1
680 769 2
680 2373 8
1826 2426 1
438 93 1
1023 1756 1
992 992 2
992 1541 1
1934 1962 1
2271 867 1
2271 1852 1
2271 385 1
2271 1990 2
2271 2432 2
2271 275 1
2271 1135 2
2271 1155 1
2271 2271 5
2271 1762 7
2271 2180 1
2271 1481 4
2271 2437 1
2271 1413 1
2271 1452 1
2271 576 4
2271 250 2
2271 2394 1
2271 2447 2
2271 2218 3
2271 2054 9
2271 519 1
2271 2359 1
2271 484 1
2271 1335 1
2271 501 1
2271 486 6
2271 570 1
2271 908 3
2271 556 1
2271 2383 1
266 686 1
1930 1776 2
1930 1930 3
1674 47 1
1005 1005 3
1005 421 5
1005 1541 1
2400 47 4
29 47 1
620 47 1
396 1881 2
396 764 3
396 1070 2
396 1175 1
396 210 2
396 3 4
1714 337 1
1835 1762 2
1835 290 2
1835 1703 2
1800 1001 2
363 2238 1
363 2139 1
183 1927 1
466 47 1
904 2104 2
904 952 5
904 1346 2
904 605 2
904 1099 1
155 155 2
155 1206 2
155 453 1
155 1933 3
155 761 1
155 370 2
155 1882 1
818 47 1
1010 47 1
1496 408 2
1496 835 1
686 473 4
686 1001 8
686 266 2
686 686 4
942 769 1
1741 1741 78
470 2432 3
470 1135 2
470 397 2
470 1452 1
470 210 2
639 1740 2
639 522 2
639 216 1
639 1989 29
639 2222 3
639 1260 1
1834 897 1
1834 867 2
1834 324 2
1834 1135 1
1834 1834 5
1834 1452 1
1834 71 1
1834 486 2
1834 548 1
1360 2377 1
1360 1441 2
1360 676 1
1360 2079 3
1360 1353 2
1360 1360 9
1360 1881 6
1360 1568 2
1360 2286 1
1360 2293 1
1360 73 1
1360 2047 2
1360 2054 3
1360 1907 1
1360 2317 1
1360 1334 1
1360 1832 1
1360 1136 1
1360 282 1
1360 1736 4
1360 1506 1
1360 1976 1
1360 2423 1
694 47 1
987 852 2
987 2340 2
987 504 1
987 304 1
987 894 3
987 246 1
987 189 1
987 1979 1
987 2389 2
987 1818 2
987 2126 3
987 1881 3
987 1139 2
987 1473 1
987 593 1
987 225 2
987 1712 1
987 1336 2
987 1918 1
987 628 2
987 674 1
987 1452 2
987 2047 2
987 1186 2
987 362 1
987 1325 2
987 216 1
987 1968 1
987 94 1
987 2347 1
987 350 1
987 7 2
987 241 1
987 2337 1
987 857 1
1881 81 1
1881 897 1
1881 1517 5
1881 368 54
1881 1852 1
1881 349 1
1881 189 1
1881 2389 3
1881 2079 15
1881 397 1
1881 1818 1
1881 396 2
1881 1360 4
1881 1881 37
1881 987 3
1881 1139 1
1881 148 1
1881 1068 1
1881 1612 15
1881 1756 1
1881 628 23
1881 2047 2
1881 103 1
1881 2218 1
1881 216 2
1881 2054 1
1881 1858 1
1881 2388 1
1881 188 4
1881 2347 1
1881 1130 3
1881 1736 12
1881 8 1
1881 769 1
1881 1506 2
1881 486 1
1881 1690 1
1881 2210 1
1881 908 2
1881 968 1
1881 3 9
2397 47 1
1460 1434 1
937 453 1
1368 924 1
1368 640 1
58 47 1
611 47 1
1977 1977 2
1977 662 1
78 47 1
1137 2237 1
1137 1747 2
1437 1008 1
1437 1686 1
267 774 1
1510 1531 3
535 2290 1
535 228 1
535 1021 1
535 258 1
535 1427 5
535 535 2
535 1006 1
535 1499 1
535 1671 3
535 2360 3
535 94 1
2045 1288 1
2045 2045 2
2045 1024 1
2045 2054 1
2045 2359 3
2045 754 3
1476 1324 1
1246 47 1
2456 1020 2
2456 1155 1
2456 94 1
2022 2355 1
2022 2226 1
1537 773 1
1044 484 1
318 2442 2
1004 1036 7
995 47 1
2014 634 2
384 47 1
647 2367 1
647 1541 1
2021 47 1
895 62 2
895 1001 1
597 47 1
811 47 1
1040 47 1
815 114 1
1139 897 1
1139 2013 1
1139 1077 1
1139 2147 3
1139 2412 1
1139 2389 1
1139 1656 1
1139 774 1
1139 1135 1
1139 1155 1
1139 194 3
1139 1881 1
1139 987 2
1139 1139 6
1139 2301 2
1139 1925 1
1139 418 2
1139 1424 1
1139 1762 1
1139 1144 3
1139 2026 2
1139 1303 1
1139 1473 3
1139 562 1
1139 2437 1
1139 2315 1
1139 628 6
1139 1076 1
1139 2227 1
1139 1029 1
1139 2054 1
1139 1103 1
1139 1968 1
1139 1335 1
1139 1927 1
1139 1399 1
115 897 1
1143 2475 1
915 2122 1
915 14 1
715 47 1
608 298 1
51 806 1
51 222 1
51 629 2
51 51 2
51 1133 1
1104 1452 4
2301 320 1
2301 193 7
2301 1139 2
2301 2301 10
2301 2413 1
2301 1030 2
2301 379 3
2301 1026 1
2301 974 4
2301 1596 2
2301 1065 3
2301 94 1
2301 2263 3
2301 909 1
2301 908 1
953 1942 2
824 47 1
1056 1473 1
1056 1011 1
1056 21 1
1056 2305 2
1056 2232 1
1056 1311 2
127 127 2
330 1337 1
330 311 3
330 1076 3
1643 2443 1
1643 833 2
2417 1366 1
675 1019 2
630 1155 1
1514 194 1
197 47 1
1664 47 2
402 1817 1
2205 1896 1
1235 47 4
2259 2325 1
299 49 1
1454 826 1
1925 774 16
1925 1139 1
1925 1925 5
1925 1762 4
1925 2028 1
1925 2437 4
1925 2475 2
1925 1665 1
1925 1253 1
1925 94 1
1925 2313 5
1925 908 1
418 689 1
418 774 1
418 1139 2
418 2437 2
418 2475 3
418 2443 1
418 2313 1
374 47 1
2156 47 3
1009 94 1
1305 1046 2
2404 2375 1
2404 1088 2
891 1306 2
891 2385 2
891 2267 2
891 2212 1
891 2359 1
891 2017 1
303 47 3
983 217 2
983 867 2
983 262 2
983 72 2
983 1971 1
983 100 1
983 1917 2
983 1328 1
983 1055 2
983 543 1
983 807 2
983 1684 5
983 939 1
48 2286 2
48 1188 1
48 2359 1
1255 47 1
2356 1001 5
2356 2356 2
1283 194 2
1283 799 2
1474 1155 1
822 126 2
1424 1139 1
1424 567 5
1424 893 6
1424 566 1
764 396 2
764 1871 1
498 227 1
498 2360 1
1518 62 3
1518 1001 3
1770 47 1
2387 2054 4
2387 2183 1
2253 81 1
2253 1630 1
2253 2164 2
2253 2267 2
2282 1898 1
2282 2390 1
1118 1118 2
2297 47 1
1695 1136 1
1418 881 3
1418 2395 1
1418 156 2
85 47 1
2467 484 2
119 49 19
119 119 6
1373 1098 2
1373 139 2
1373 1646 1
1373 684 1
1373 1373 6
1373 2393 1
1373 279 1
1373 722 2
1373 2308 1
1373 934 11
1373 1346 1
1373 2411 2
1373 2088 1
1373 1743 1
1373 147 1
1373 576 2
1373 138 1
1373 2054 1
1373 790 1
1373 1751 1
1373 177 1
1373 1955 2
1373 1749 1
1373 1540 1
1197 1315 1
1230 881 8
1230 1983 1
2266 325 2
2266 1987 2
345 1001 2
2339 350 1
2393 1373 2
2393 2393 2
1131 47 6
559 1873 2
1032 1008 1
1032 86 1
172 1708 1
172 1238 2
172 1286 1
923 2002 3
923 923 4
923 567 16
923 174 1
923 1583 1
747 47 1
2074 47 2
1199 1374 5
1233 47 1
1106 47 2
1568 2144 1
1568 488 8
1568 1008 1
1568 1155 2
1568 1360 2
1568 1050 3
1568 94 1
916 1914 1
1725 47 1
2007 1756 1
2007 333 1
2007 2218 7
1962 1934 1
789 1411 1
789 789 8
789 685 1
789 495 5
1763 551 2
2215 1481 2
2215 708 4
2215 443 1
1478 47 1
2120 1899 1
2120 865 1
393 1133 1
1331 633 2
1786 897 1
1786 2349 1
148 1151 1
148 924 1
148 1818 2
148 1881 1
148 446 1
148 1011 1
148 2054 4
148 879 1
148 350 2
148 126 1
148 1193 1
1726 2054 1
2030 47 1
2375 2404 1
2375 1088 1
1429 1244 1
2243 47 2
716 47 1
1956 814 1
279 1373 1
1851 394 2
1851 397 1
1070 396 1
1917 983 1
1917 840 2
960 562 1
2038 1468 2
2038 1352 3
2038 1085 4
1652 1813 2
1730 1127 1
1730 2389 1
200 47 1
1878 397 1
1395 1395 2
1395 1324 2
1039 1887 2
1446 2237 7
1446 1747 6
1446 161 2
1446 344 4
1446 1904 2
1446 487 3
1774 2337 2
1228 47 1
1762 268 1
1762 632 4
1762 867 7
1762 187 1
1762 189 1
1762 1590 3
1762 108 1
1762 549 3
1762 1513 2
1762 651 1
1762 254 1
1762 774 2
1762 1806 2
1762 1155 4
1762 2271 7
1762 1835 2
1762 1139 2
1762 1925 5
1762 1762 34
1762 2437 4
1762 1500 3
1762 382 1
1762 2475 6
1762 1615 2
1762 1328 2
1762 2394 1
1762 2447 1
1762 1670 1
1762 748 1
1762 1253 2
1762 1109 1
1762 96 8
1762 1998 1
1762 2313 5
1762 1000 1
1762 556 3
1762 1451 2
86 1611 2
86 1008 4
86 1155 1
86 1032 1
86 86 4
86 2390 2
2173 680 2
2286 984 1
2286 1899 1
2286 728 2
2286 1360 1
2286 48 2
2286 2286 2
2286 2171 2
2286 369 2
2286 2054 3
2286 1133 1
2286 269 2
2286 2423 1
403 2117 2
403 403 8
403 130 2
403 1420 2
1176 47 1
1180 47 1
1295 47 12
1312 47 1
1617 47 1
2385 891 1
2385 605 1
2385 1533 2
683 47 1
1075 757 1
1075 2324 1
635 2147 1
635 779 1
2386 47 1
731 47 1
1949 47 1
1632 47 1243
1218 343 2
184 47 1
1688 1901 2
1144 1211 2
1144 1970 2
1144 1139 1
2272 2054 1
1539 47 1
25 47 4
1467 349 1
1467 339 1
1548 47 53
1768 47 1
740 230 1
354 47 4
1148 47 1
1758 1015 2
1082 47 1
864 47 1
1757 399 1
1386 1386 6
1386 1346 1
1386 2352 10
1641 47 1
109 2474 1
80 2060 1
80 188 1
792 1423 1
27 2411 1
2405 1541 1
213 213 4
213 483 3
1825 1249 1
1747 1805 1
1747 2237 11
1747 1137 2
1747 1446 7
1747 1747 2
1747 1764 1
1747 793 4
1747 60 1
1747 754 2
1902 1159 1
2020 1443 1
1994 728 4
1994 1994 5
1994 216 1
2364 1324 1
176 189 1
176 2389 3
176 225 2
176 2203 1
176 2336 1
176 640 1
176 2054 2
176 2462 1
176 1987 1
176 908 1
1204 47 8
1154 47 1
997 1584 1
1973 47 2
2180 655 2
2180 33 1
2180 1155 1
2180 405 4
2180 2271 1
2180 2180 2
2180 2350 3
2180 674 1
2180 576 4
2180 2054 15
2180 94 1
2180 959 1
2180 2198 1
2026 1818 1
2026 1139 1
2026 2139 1
1033 47 3
2171 1830 1
2171 2286 1
2171 249 1
2171 462 1
2171 625 1
1552 47 3
312 2445 4
743 2359 2
2124 2437 1
2124 1062 1
722 1373 2
1068 1881 2
1068 161 1
1068 963 1
1068 1760 1
1068 576 1
1068 2218 1
1068 2054 2
1068 908 1
2169 1219 1
2169 948 1
2169 284 1
2169 424 2
1869 2123 2
600 47 3
636 1324 1
720 2399 1
720 1059 1
1658 1324 1
1329 47 1
1481 474 2
1481 1623 3
1481 1152 1
1481 952 1
1481 385 4
1481 2144 4
1481 689 1
1481 2389 1
1481 2460 1
1481 1135 4
1481 355 3
1481 1353 2
1481 1155 2
1481 975 1
1481 2271 3
1481 2215 1
1481 1481 21
1481 685 13
1481 446 2
1481 2437 2
1481 744 6
1481 1452 1
1481 2332 2
1481 1011 2
1481 523 1
1481 1029 5
1481 650 3
1481 2218 1
1481 2054 6
1481 1951 1
1481 487 1
1481 1351 1
1481 1927 8
1481 501 1
1481 1239 2
1481 2198 1
1481 2409 1
1481 486 2
1481 1817 1
1481 908 1
2196 47 1
1303 1139 2
831 799 2
142 270 2
563 1906 1
1314 1601 1
2308 1373 1
1600 1600 2
1650 1324 2
1957 2100 5
1957 894 1
1957 695 1
1957 478 1
1957 2337 1
2273 216 1
2273 1927 3
2381 572 1
2179 1974 2
2179 1718 2
595 1686 9
1522 47 1
573 47 1
1966 448 1
1966 2036 1
1966 598 1
2274 47 1
1484 1872 2
767 952 1
1639 1978 1
1639 787 1
1320 1887 2
1320 769 1
2289 699 1
2289 322 1
2289 2457 1
777 835 1
493 49 1
756 47 1
681 47 2
2046 979 1
1006 228 1
1006 535 1
1006 1499 1
2037 2352 2
214 1952 1
2197 47 4
314 1170 1
1473 987 1
1473 1139 3
1473 1056 1
1473 2471 1
1501 1541 1
1352 2136 5
1352 1468 3
1352 1472 3
1352 2038 4
1352 1352 6
1352 1057 8
1352 1085 1
1352 1622 1
1352 94 1
1352 1507 2
1352 2188 2
1352 542 1
1352 912 10
1352 2445 2
1352 69 1
2073 1085 1
2073 94 1
2093 1468 1
1580 2139 1
841 47 1
1203 94 1
2380 2147 2
2380 1651 3
2380 1547 1
2380 779 4
1612 368 4
1612 1881 15
2186 47 1
1051 47 1
838 1346 1
798 47 1
2065 47 77
161 1446 3
161 1068 1
161 161 4
161 344 3
161 94 1
977 2473 1
181 1024 3
181 2054 2
181 2451 1
2008 1709 1
2008 397 1
910 210 1
610 47 1
1365 47 1
623 47 1
2459 210 3
593 1045 3
593 987 1
593 2270 2
593 2024 6
593 400 2
137 1132 1
137 2077 1
1378 918 1
1090 47 1
159 1383 2
2134 2162 1
2134 446 1
2134 605 1
344 1028 5
344 2129 1
344 1446 4
344 161 4
344 344 3
344 741 2
344 1686 3
344 1819 3
344 1921 2
344 1828 4
344 1034 1
344 2359 1
344 94 1
849 849 2
849 210 2
356 47 1
1983 881 5
1983 1230 1
1983 2185 2
442 934 1
1550 1550 925
1550 934 1
562 1139 1
562 960 1
562 628 5
562 59 2
562 2388 2
562 1690 1
2028 1925 1
735 47 1
450 47 2
221 47 1
855 1673 1
1294 613 2
1206 1616 1
1206 155 2
1206 1933 1
1206 370 1
1952 655 1
1952 1899 1
1952 2099 1
1952 454 2
1952 2010 1
1952 1991 2
1952 1366 1
1952 33 1
1952 1656 1
1952 928 1
1952 61 4
1952 397 2
1952 1306 2
1952 214 1
1952 1952 7
1952 741 2
1952 322 1
1952 179 1
1952 1374 1
1952 2457 2
1952 1686 2
1952 463 1
1952 674 1
1952 2447 1
1952 2218 7
1952 2054 3
1952 1951 1
1952 2200 2
1952 714 2
1952 835 1
1952 2359 3
1952 239 2
1952 1036 1
1952 1335 4
1952 1007 1
1952 203 1
1952 769 2
1952 908 2
1952 2373 5
934 1373 13
934 442 1
934 1550 1
934 934 6
491 2047 2
369 2286 1
2004 2234 1
2004 1638 1
2474 109 1
2474 2474 2
868 18 2
868 816 1
1877 1088 1
1844 1986 1
1844 728 2
1844 1008 2
1844 1756 2
249 984 2
249 1895 1
249 2171 1
249 235 1
979 1347 3
979 2046 1
979 534 1
979 2398 2
2108 634 1
2108 1178 1
2436 908 1
225 897 3
225 987 3
225 176 2
1346 1857 1
1346 2261 1
1346 1052 1
1346 952 2
1346 206 1
1346 1345 2
1346 672 2
1346 380 1
1346 2097 1
1346 904 1
1346 1373 1
1346 1386 1
1346 838 1
1346 433 1
1346 446 2
1346 1123 3
1346 147 4
1346 576 2
1346 1099 4
1346 53 2
1346 2352 11
1346 1528 3
1346 2054 3
1346 1944 1
1346 918 1
1346 771 1
1346 2256 1
1346 501 2
1346 2137 3
1346 113 1
1357 526 3
1357 1066 1
1660 1001 2
1660 1660 4
1216 1938 2
1332 951 2
1668 133 1
283 76 1
2201 1008 2
2201 1155 1
2201 397 1
2201 1817 1
433 1346 1
1354 47 1
780 47 1
2119 47 1
1928 47 1
755 1240 2
755 2211 1
755 1566 1
741 2100 1
741 62 1
741 344 1
741 1952 3
741 741 2
741 1029 1
741 94 2
741 1335 1
741 908 4
2466 47 1
1183 1872 5
1942 1648 2
1942 953 2
1942 1942 2
1942 205 2
1942 1060 2
37 857 1
745 857 3
1147 1079 1
1791 47 1
614 1185 2
1689 1542 2
1689 2359 1
1689 1313 3
1689 1923 1
2107 941 2
2107 1526 4
2107 2168 1
1733 2078 1
91 47 2
2323 1927 4
685 2465 1
685 789 1
685 1481 14
685 1239 1
836 1007 1
426 1240 4
479 47 1
1430 1383 2
829 47 1
322 2289 1
322 1952 1
1157 506 2
1157 1492 1
1157 216 1
1157 1927 3
1157 2409 1
1231 702 1
2433 2310 1
2433 1788 1
2433 2106 1
2433 1093 1
2109 2288 1
814 817 2
814 304 1
814 1956 1
814 1175 1
56 179 1
56 2457 1
1744 47 1
1285 565 3
1554 1839 1
19 835 2
19 2232 3
2211 755 1
1788 2433 1
462 1830 1
462 707 1
462 2171 1
462 2218 1
585 47 2
1499 2162 2
1499 1818 2
1499 535 1
1499 1006 1
1499 244 1
1499 1407 2
1499 2360 1
1499 1787 1
1499 833 3
446 1125 2
446 1385 2
446 952 1
446 1275 1
446 380 2
446 1155 6
446 397 1
446 148 1
446 1481 2
446 2134 1
446 1346 2
446 446 2
446 525 1
446 2475 2
446 1011 1
446 2352 4
446 1505 1
446 2330 1
446 425 1
446 2359 1
446 2077 1
446 1926 1
1813 1546 1
1813 1652 1
1813 1756 1
1595 1076 1
601 1692 1
601 1041 2
601 1135 1
601 1814 1
601 567 1
601 386 1
601 486 2
601 872 1
2411 952 4
2411 1380 1
2411 1373 3
2411 27 1
2411 1158 1
2411 1377 2
1110 473 1
1264 952 1
1049 61 1
1049 1374 2
1049 2449 2
2437 1628 1
2437 774 1
2437 397 2
2437 2271 1
2437 1139 1
2437 1925 5
2437 418 3
2437 1762 3
2437 2124 1
2437 1481 1
2437 2437 2
2437 525 1
2437 1756 1
2437 521 1
2437 2475 7
2437 244 3
2437 533 3
2437 1666 4
2437 1452 1
2437 333 1
2437 2218 5
2437 1407 1
2437 1253 2
2437 769 1
2437 1062 12
2437 753 2
2437 1187 1
2437 2313 1
2437 908 2
2437 968 2
2000 1590 2
2000 2000 4
63 1280 2
63 830 1
63 628 1
63 2346 1
1678 47 5
518 1001 1
1625 1411 1
1625 495 1
77 908 1
1579 47 1
1223 1227 1
1448 47 1
782 47 1
325 2266 1
1609 2147 1
1609 779 1
1079 1147 1
290 1 1
290 632 1
290 431 1
290 1835 1
290 1500 1
290 1606 1
290 691 1
290 813 1
596 1122 2
2473 1389 1
2473 1891 2
2473 977 2
2473 2473 4
2473 732 4
1267 963 1
2329 749 1
2440 1686 1
2440 523 1
605 540 1
605 904 2
605 2385 1
605 2134 1
605 1533 1
605 1099 1
605 1409 1
605 1489 1
1500 1762 3
1500 290 1
1589 47 1
1504 1922 1
1504 1583 1
532 210 1
1508 1059 1
1508 1324 2
315 2445 4
1419 47 5
525 407 1
525 1523 9
525 555 2
525 335 1
525 446 1
525 2437 1
525 455 1
525 1838 3
525 520 1
525 2472 1
525 1867 1
2070 1273 3
927 47 1
1100 2158 1
382 1762 2
179 1952 2
179 56 1
179 2363 1
2413 590 3
2413 2301 1
1915 1008 3
1915 1155 2
1915 1694 1
1915 2170 4
1915 2390 2
1756 897 1
1756 2327 1
1756 728 1
1756 1993 1
1756 1155 1
1756 397 4
1756 760 2
1756 1023 1
1756 1881 1
1756 2007 1
1756 1844 3
1756 1813 1
1756 2437 1
1756 1756 6
1756 2422 1
1756 907 1
1756 2218 2
1756 879 2
1756 2178 1
1756 1273 1
1756 1377 2
1756 754 1
1756 112 1
1756 908 2
1576 1931 2
963 1068 1
963 1267 1
963 963 1
2141 2141 2
2141 2422 1
1712 987 1
1712 1712 4
1712 2139 1
1712 572 2
1712 1636 1
615 1866 1
615 2293 2
615 1880 1
1300 1383 1
1759 1202 1
1566 1240 2
1566 755 1
1566 2455 1
9 1177 1
1777 2265 1
1777 1900 1
1777 598 2
308 1939 2
1113 47 1
521 2437 1
521 333 1
521 2218 1
521 690 1
1343 47 3
1289 2019 1
11 677 6
1030 193 1
1030 590 2
1030 2301 5
1030 2263 4
379 2301 4
379 379 2
379 2263 1
2244 1353 2
2244 845 1
2244 216 1
2244 35 1
2244 1927 1
2244 2409 1
1524 1098 1
2358 2330 1
2358 835 5
84 47 1
2293 1360 1
2293 615 3
2293 468 1
2293 1042 1
1850 728 5
1850 1951 1
513 47 1
120 2410 2
120 120 4
120 133 8
1026 2301 2
1026 186 2
2106 2433 1
2461 47 2
346 2352 2
945 1720 1
1533 2385 3
1533 605 2
1533 2054 1
693 1939 1
2048 2355 7
2048 515 1
2048 2090 1
2048 1166 1
2048 2048 9
2048 1479 2
2048 882 4
2048 577 2
2048 1505 1
2048 1007 11
2048 1984 1
2048 2226 3
2048 778 8
1119 47 2
2422 1756 1
2422 2141 1
2422 2422 5
2422 2415 4
2422 112 1
1924 47 1
1783 1366 1
1783 1872 3
1503 2352 1
1269 985 3
948 2169 1
948 708 1
702 1231 1
46 47 1
1140 2360 1
2062 1366 1
2315 265 1
2315 1139 1
2315 1273 3
2315 224 2
2315 495 5
2315 541 1
2245 47 1
1463 1547 2
1463 1061 1
1463 2083 1
284 2169 1
284 2041 1
757 1075 2
2069 2123 2
858 952 1
858 1982 3
1911 1324 1
294 938 1
1398 47 1
1162 2218 1
453 155 2
453 937 1
453 598 1
453 210 1
378 47 3
1336 987 3
2088 1373 2
1645 47 1
2475 725 1
2475 2101 1
2475 1041 2
2475 774 5
2475 1155 1
2475 1143 2
2475 1925 2
2475 418 2
2475 1762 6
2475 446 1
2475 2437 6
2475 2475 4
2475 2332 1
2475 2139 1
2475 248 3
2475 769 2
2475 1062 3
2475 2313 3
2475 1752 1
656 47 1
1050 1568 3
2238 363 1
2238 1452 1
2238 1407 1
2132 1989 9
465 47 3
1856 2389 1
1856 528 1
2206 1703 1
411 47 1
1663 2164 1
1613 47 1
1839 1366 3
1839 1554 1
2292 1519 1
73 1360 1
2350 894 1
2350 2180 1
2350 2054 1
932 1315 3
1374 1199 4
1374 1952 1
1374 1049 2
1374 409 1
1374 2449 5
1374 769 1
2019 2284 1
2019 277 2
2019 2050 1
2019 1289 1
2019 2019 3
2019 447 1
1391 21 1
1615 1762 2
1479 2048 3
1743 1373 1
2455 2098 1
2455 70 1
2455 1240 2
2455 1566 1
2455 1107 1
2455 309 1
907 1756 1
2270 593 1
1466 1523 1
1466 2176 2
1789 1195 3
1789 341 1
553 553 2
128 1569 1
1760 317 3
1760 397 2
1760 1068 1
1760 1760 4
1760 1672 7
1760 1325 1
1760 2054 3
1760 1734 2
1760 1593 3
1760 461 2
1760 989 1
286 2011 1
546 47 2
175 2237 1
175 793 1
844 370 1
1933 1795 2
1933 155 3
1933 1206 1
1933 1933 2
1933 1705 2
1933 1117 1
1933 370 5
905 728 1
905 397 1
2457 881 1
2457 1366 2
2457 2117 1
2457 2289 1
2457 1952 1
2457 56 1
2457 1872 2
2457 2235 1
1073 47 5
2421 770 1
1328 983 3
1328 1762 4
1328 1328 2
1328 1686 2
440 47 1
2265 1777 2
1435 728 1
1569 128 1
1569 399 1
1477 47 1
2288 2057 1
2288 220 1
2288 1366 4
2288 259 2
2288 2109 1
2288 2288 12
2288 2249 1
2288 502 33
2288 1940 1
2089 1423 1
2089 469 1
1686 867 4
1686 2428 6
1686 1207 3
1686 1297 1
1686 981 2
1686 33 2
1686 1628 3
1686 1008 8
1686 1437 2
1686 595 11
1686 344 3
1686 1952 2
1686 2440 1
1686 1328 1
1686 1686 17
1686 1978 8
1686 787 1
1686 523 1
1686 1527 1
1686 2054 2
1686 1034 1
1686 94 1
1686 484 1
1686 2235 5
1686 295 4
1686 370 1
1686 908 1
1686 2199 10
1819 1008 1
1819 1155 1
1819 344 2
1819 1819 5
1819 657 1
1819 216 9
1819 2170 2
1819 1034 4
1819 544 1
1577 47 1
974 2301 6
974 2263 1
974 2116 2
1764 2237 1
1764 1747 1
840 1917 3
2221 47 1
1456 229 2
1822 397 1
530 1263 2
1671 258 1
1671 1427 1
1671 535 2
1671 1671 3
1671 381 1
1671 833 1
1553 918 2
244 1499 1
244 2437 2
244 202 1
289 2052 2
421 1005 6
421 421 12
421 1541 21
1918 987 2
1918 427 1
1769 47 1
673 673 2
673 1179 2
1145 49 2
1145 1145 8
74 519 2
663 2117 1
1393 47 1
628 292 1
628 368 3
628 304 1
628 189 1
628 2010 1
628 1302 1
628 1881 21
628 987 3
628 1139 5
628 562 3
628 63 1
628 628 10
628 1989 1
628 550 1
628 779 1
628 2023 3
628 1311 1
1655 812 1
1655 1655 2
1655 2291 8
75 800 1
1701 835 4
455 525 1
510 2410 5
510 510 7
510 133 14
510 392 1
510 1064 1
617 47 1
1872 349 1
1872 1366 2
1872 1484 1
1872 1183 4
1872 1783 2
1872 2457 2
1872 1872 2
1872 1713 1
1872 2128 1
713 2409 1
1123 1098 1
1123 952 1
1123 1346 2
1107 70 1
1107 2455 1
1107 309 1
1324 123 1
1324 467 1
1324 296 1
1324 621 1
1324 2025 1
1324 2058 1
1324 1681 1
1324 1476 1
1324 1395 1
1324 2364 1
1324 636 1
1324 1658 1
1324 1650 3
1324 1508 1
1324 1911 1
1324 1864 1
1324 472 1
1324 2152 1
1324 931 2
1324 884 1
1324 964 1
1324 1485 1
1324 837 1
1324 538 2
1324 428 1
2321 263 2
2321 230 2
892 892 2
892 2409 4
463 1952 1
1978 1628 7
1978 1639 1
1978 1686 10
1978 1527 2
1978 2209 2
1263 530 3
1263 598 2
1535 47 1
298 1482 1
298 952 2
298 397 9
298 608 1
298 250 1
298 94 1
298 558 6
1415 47 1
1847 47 3
1078 1422 2
1402 211 1
1402 1585 1
991 2409 11
533 949 3
533 2437 2
533 533 7
533 769 18
533 1062 1
1666 949 7
1666 2437 7
1666 1666 2
1666 1606 4
1666 1062 9
971 47 2
2268 47 1
1272 1272 2
2094 2218 1
147 1373 1
147 1346 5
147 918 2
674 894 2
674 1981 10
674 33 3
674 1656 5
674 2439 1
674 1155 1
674 1818 1
674 987 1
674 2180 1
674 1952 1
674 674 7
674 576 1
674 2054 1
674 2230 1
674 2149 3
674 94 1
674 1335 3
674 1980 2
1413 2271 2
1096 1981 1
1711 897 6
1711 1599 4
1711 2147 4
1711 328 4
1711 774 1
1711 1711 2
1711 2218 5
1711 445 1
1711 1833 1
1711 2361 1
1711 2198 4
1711 2409 2
1711 839 1
1711 2407 3
1711 908 1
434 1599 1
434 2054 1
1814 1135 2
1814 601 2
799 1628 1
799 194 2
799 1283 2
799 831 2
799 799 5
799 1889 3
799 1403 2
799 908 1
256 1693 1
323 47 1
522 639 2
522 1989 3
2239 2352 2
733 62 2
737 1020 6
201 47 1
133 1668 1
133 120 4
133 510 13
133 133 5
133 250 1
133 392 2
408 1496 1
408 835 4
2034 47 1
1932 47 1
1281 2117 1
1281 1420 1
1531 1510 2
2203 176 2
2203 2054 2
2309 47 1
692 47 1
1369 908 1
121 47 1
104 2237 1
2150 850 1
2150 2139 1
1784 47 2
744 1481 7
744 744 4
205 1942 3
1364 49 1
1452 404 2
1452 1831 1
1452 622 2
1452 324 2
1452 385 1
1452 2101 1
1452 1041 2
1452 2432 5
1452 1236 1
1452 2029 1
1452 1135 15
1452 1353 3
1452 695 1
1452 2126 1
1452 2271 2
1452 470 1
1452 1834 1
1452 987 4
1452 1104 4
1452 1481 1
1452 2437 1
1452 2238 2
1452 1452 16
1452 71 4
1452 2332 3
1452 576 3
1452 250 1
1452 1003 3
1452 1673 4
1452 57 1
1452 1011 4
1452 650 3
1452 2218 4
1452 2054 10
1452 567 1
1452 2359 1
1452 1036 5
1452 484 1
1452 592 1
1452 248 1
1452 486 3
1452 548 2
1452 754 1
1452 2291 4
1452 1817 2
1452 908 3
1452 478 8
1452 274 4
1626 47 1
944 649 1
1160 47 1
1321 47 1
492 245 2
130 403 3
2047 1013 1
2047 2389 2
2047 1360 3
2047 1881 1
2047 987 1
2047 491 1
2336 2389 1
2336 176 1
2138 47 1
497 1164 1
497 311 1
497 1076 3
961 1520 2
978 47 1
1581 47 1
2314 754 2
819 634 5
819 1520 2
819 819 2
819 951 8
20 1887 1
20 20 2
1746 1249 4
2441 2136 9
103 1881 2
1238 172 2
609 1135 1
2 952 1
2 2 2
202 244 1
1794 47 1
657 62 1
657 1819 1
657 216 1
657 1034 1
657 926 1
167 167 2
1792 47 2
218 1887 1
787 1639 1
787 1686 1
1705 1933 1
1601 1314 1
1394 2402 3
1394 270 1
1234 47 1
196 2013 1
196 1927 2
196 903 1
1864 1324 1
141 47 1
1778 47 1
701 1011 1
985 2147 1
985 1269 1
985 250 1
985 2447 1
985 1011 5
985 650 2
985 2054 9
985 1703 1
985 1751 1
985 1071 1
985 1804 1
71 1831 5
71 1634 1
71 324 2
71 1135 4
71 1834 1
71 1452 6
71 71 6
71 2332 1
71 1673 2
71 484 2
71 501 2
71 1506 1
135 324 1
135 835 4
2049 47 7
1797 759 1
338 980 4
338 338 6
338 1828 4
882 2048 6
882 882 2
882 1007 3
882 778 2
2165 47 2
1889 799 4
1889 1889 12
1889 230 2
658 47 1
151 47 1
1694 1008 2
1694 1915 1
2332 324 1
2332 1353 2
2332 1481 2
2332 2475 2
2332 1452 2
2332 71 1
2332 2332 2
2332 1673 1
2332 1011 1
2332 1927 4
2332 486 1
2332 2291 3
2332 1817 1
333 2007 1
333 2437 1
333 521 1
333 236 1
333 2218 11
76 2464 1
76 283 1
957 957 4
957 2052 3
957 708 5
1038 1989 4
10 210 2
395 47 6
1226 47 3
2262 1383 2
1950 47 1
389 254 2
389 389 2
2311 576 1
2311 501 2
2249 2288 1
808 1939 1
1509 47 1
1057 1352 8
759 2056 11
759 1797 1
759 759 2
759 1168 1
2096 47 1
2105 1662 1
902 62 1
261 47 1
1286 2402 2
1286 270 2
1286 172 1
1286 2218 1
1286 519 5
1286 93 2
502 2288 32
502 502 4
502 471 2
1495 150 1
1432 1016 2
574 47 1
2468 47 2
1960 47 2
1299 47 1
1921 344 2
1921 216 3
371 334 3
398 47 1
1680 1311 1
1649 47 1
576 897 1
576 2261 1
576 1981 2
576 1449 1
576 1135 10
576 397 1
576 2271 4
576 1373 2
576 2180 5
576 1068 1
576 1346 1
576 674 1
576 1452 4
576 2311 1
576 576 3
576 1325 1
576 2218 1
576 2054 8
576 1751 1
576 32 2
576 2291 2
576 990 4
576 908 13
576 2383 2
1024 2045 1
1024 181 5
1024 1024 12
1024 2054 8
1024 2359 2
1099 952 2
1099 365 1
1099 904 1
1099 1346 4
1099 605 1
1099 2137 1
1849 47 1
1900 1777 1
1900 598 1
843 951 2
1560 47 1
164 1001 2
250 1142 1
250 1135 3
250 2271 1
250 298 2
250 133 1
250 1452 1
250 985 1
250 2324 2
250 650 1
250 2054 1
250 94 1
1076 930 1
1076 1599 1
1076 1995 2
1076 1573 1
1076 2010 1
1076 1991 1
1076 2147 2
1076 311 17
1076 1069 1
1076 1139 1
1076 330 3
1076 1595 2
1076 497 4
1076 1076 10
1076 2054 1
1076 160 1
1076 2373 1
2394 1155 1
2394 397 3
2394 2271 1
2394 1762 2
2394 769 1
2394 210 3
1842 92 1
2447 2140 1
2447 504 1
2447 1899 1
2447 1854 3
2447 2136 2
2447 1041 1
2447 2271 2
2447 1762 1
2447 1952 1
2447 985 1
2447 1574 1
2447 2218 1
2447 1828 2
2447 785 1
2447 1987 3
2447 526 2
2447 1526 2
2447 700 1
2447 1736 1
2447 1587 1
1293 1372 1
832 47 1
667 2330 1
954 47 1
730 47 1
1149 47 1
561 1801 1
579 1315 1
1184 47 1
2279 2147 2
2279 682 2
1713 1872 1
1271 1001 1
2227 99 1
2227 1139 1
2227 2227 2
15 47 1
2052 1422 2
2052 2430 3
2052 289 1
2052 957 3
2052 708 10
654 47 1
2216 47 1
79 47 1
144 1029 1
723 554 1
1003 1135 6
1003 1452 3
1003 1506 4
2255 47 1
98 1938 2
1673 117 2
1673 1414 1
1673 1135 6
1673 855 1
1673 1452 3
1673 71 1
1673 2332 1
1673 2054 3
1673 2031 3
1673 486 2
746 924 2
746 746 2
1186 987 2
906 47 1
1091 47 1
1362 962 4
1362 1967 1
1362 1133 1
57 1452 1
53 897 2
53 2118 1
53 1155 2
53 1346 2
1371 397 1
1371 94 1
643 47 1
1132 171 1
1132 137 1
1132 1938 1
659 47 1
439 769 3
165 47 1
1659 47 2
1512 47 1
1975 2369 2
1940 2288 1
409 1374 1
1665 1925 1
2324 1142 1
2324 1075 1
2324 250 2
2324 591 1
775 1700 1
429 47 1
1011 1831 1
1011 2013 1
1011 952 1
1011 728 2
1011 2144 1
1011 2114 1
1011 1135 1
1011 1954 1
1011 397 1
1011 1056 2
1011 148 1
1011 1481 2
1011 446 3
1011 1452 4
1011 701 1
1011 985 3
1011 2332 1
1011 1011 4
1011 2345 1
1011 650 2
1011 2054 7
1011 2359 1
1011 1703 1
1011 859 1
1011 2409 1
1011 1377 7
1011 908 3
1085 2038 3
1085 1352 1
1085 2073 1
1085 2161 1
1085 2445 4
412 626 1
2384 1253 2
2384 451 4
381 1671 1
845 2244 1
845 216 1
845 237 3
1054 47 1
662 2318 11
662 1977 1
662 1379 1
966 897 1
966 2230 2
966 566 1
2041 2084 1
2041 284 1
640 189 2
640 1368 2
640 176 1
888 897 1
2139 1818 1
2139 363 1
2139 2026 1
2139 1580 1
2139 1712 1
2139 2475 1
2139 2150 1
2139 2033 1
2139 1407 1
2139 572 1
1194 47 1
1846 1981 3
430 47 1
1486 897 3
1486 2182 1
472 1324 1
1153 47 2
1670 1762 1
1606 949 2
1606 290 1
1606 1666 3
2352 1557 1
2352 2429 1
2352 1776 9
2352 943 3
2352 875 1
2352 515 1
2352 1491 9
2352 1386 9
2352 2037 2
2352 1346 6
2352 446 3
2352 346 1
2352 1503 1
2352 2239 2
2352 2352 14
2352 1480 1
2352 925 1
2352 13 1
2352 2145 2
2352 1563 3
377 47 2
132 1888 1
547 47 1
1574 2447 1
236 333 1
236 2218 2
1672 1760 6
1672 1734 4
1672 1593 2
1672 507 1
1672 169 3
2395 1418 1
2395 2395 2
1359 567 1
1682 1682 2
362 987 1
2345 1954 1
2345 1011 1
1939 1555 1
1939 1544 1
1939 45 1
1939 2392 2
1939 788 1
1939 308 1
1939 693 1
1939 808 1
1939 1773 1
1939 23 2
1939 2360 1
1939 1619 1
1939 880 1
260 47 1
1037 47 2
1536 2291 16
21 897 2
21 1008 1
21 1155 1
21 1056 1
21 1391 1
21 1707 1
240 2160 1
383 47 3
1603 47 1
1188 48 1
1480 2352 1
938 294 1
938 1120 1
1728 941 1
1728 1828 1
1728 94 1
2365 1570 1
2365 1067 2
2365 1879 2
1904 1446 1
1904 793 1
1904 487 1
577 1089 1
577 2355 5
577 2048 2
577 1984 4
577 2226 1
2135 47 1
2213 47 21
708 1422 1
708 820 2
708 1565 1
708 2056 2
708 2215 3
708 948 1
708 957 7
708 2052 12
708 708 5
708 1323 1
708 2082 1
2363 179 3
1083 2054 1
523 2428 6
523 1207 1
523 1297 1
523 981 1
523 1481 1
523 2440 1
523 1686 1
523 523 2
523 2054 2
523 2155 1
523 295 1
523 1066 1
523 509 1
523 2199 8
1074 1074 1
1074 2054 2
1074 295 3
1074 1066 2
1074 2199 2
138 1373 1
399 1590 2
399 1757 1
399 1569 1
399 823 1
399 1772 3
399 154 1
399 1644 1
2354 774 1
2415 2422 3
2415 2415 1
2415 2123 4
1438 695 2
1438 1438 2
1594 1599 1
1594 34 1
1594 189 3
1594 2147 4
1594 2144 4
1594 1594 6
1594 2330 3
1594 7 2
1594 478 2
1753 2117 3
1596 2301 2
1624 773 6
280 1493 1
2202 1399 1
1029 1001 1
1029 2144 5
1029 1139 1
1029 1481 7
1029 741 2
1029 144 1
1029 1029 1
1029 216 1
1029 1927 2
1029 2409 2
1029 908 1
1029 1647 2
1487 1693 1
650 689 1
650 1135 5
650 1481 3
650 1452 3
650 985 1
650 250 1
650 1011 1
650 650 5
650 2054 8
650 567 1
650 1817 2
2218 897 2
2218 867 2
2218 1899 2
2218 1322 1
2218 1016 1
2218 1240 2
2218 1852 3
2218 670 1
2218 2144 1
2218 1135 1
2218 1155 1
2218 2271 2
2218 1881 1
2218 2007 8
2218 1068 1
2218 1481 2
2218 1952 9
2218 462 2
2218 2437 5
2218 1756 2
2218 521 2
2218 1162 1
2218 2094 1
2218 1711 1
2218 1452 4
2218 333 9
2218 1286 1
2218 576 1
2218 2447 1
2218 236 2
2218 2218 5
2218 1828 1
2218 567 1
2218 519 1
2218 2359 1
2218 551 2
2218 484 1
2218 93 1
2218 2235 3
2218 1867 1
2218 2198 1
2218 486 1
2218 690 3
2218 2068 2
2218 2291 1
2218 908 6
2218 1931 1
1325 987 1
1325 1760 1
1325 576 1
1190 285 1
1528 1346 5
1528 1528 3
2408 2408 2
2374 2374 2
2374 918 3
216 2076 5
216 2101 4
216 639 1
216 1881 1
216 987 1
216 1994 1
216 2273 1
216 1157 1
216 2244 1
216 1819 10
216 657 3
216 1921 4
216 845 3
216 1029 1
216 216 4
216 1034 5
216 1335 4
216 35 2
216 1927 6
216 2409 18
216 2075 2
216 903 2
216 2431 2
793 481 2
793 316 6
793 2446 5
793 2237 1
793 204 1
793 1747 3
793 175 1
793 1904 1
793 793 4
793 487 1
1989 228 1
1989 368 1
1989 736 2
1989 639 30
1989 2132 11
1989 628 1
1989 522 4
1989 1038 3
1989 1989 13
1989 1407 2
1989 2330 2
1989 753 2
1989 883 12
1989 908 2
1444 47 1
2348 47 1
933 62 3
2087 634 1
2443 689 23
2443 2162 2
2443 1643 1
2443 418 1
2443 2443 2
2443 321 2
2443 833 1
2443 1187 2
2443 1913 4
1527 1686 1
1527 1978 1
2054 897 5
2054 867 4
2054 324 2
2054 189 2
2054 2010 3
2054 1345 8
2054 385 13
2054 1990 3
2054 1656 1
2054 1449 2
2054 1135 12
2054 1155 4
2054 397 2
2054 760 2
2054 2271 10
2054 1360 5
2054 1881 2
2054 2045 1
2054 1139 1
2054 2387 3
2054 1373 1
2054 148 2
2054 1726 1
2054 2286 4
2054 2272 2
2054 176 3
2054 2180 18
2054 1068 1
2054 1481 5
2054 181 2
2054 1952 4
2054 1346 4
2054 1533 2
2054 2350 2
2054 1760 1
2054 1686 3
2054 674 1
2054 434 1
2054 2203 2
2054 1452 12
2054 985 6
2054 576 10
2054 1024 8
2054 250 1
2054 1076 1
2054 1673 2
2054 1011 6
2054 1083 1
2054 523 2
2054 1074 3
2054 650 9
2054 2054 48
2054 1115 1
2054 714 1
2054 2359 2
2054 1703 14
2054 1629 1
2054 1761 1
2054 484 1
2054 1751 1
2054 1335 4
2054 1334 2
2054 711 1
2054 2235 1
2054 1525 2
2054 486 1
2054 846 2
2054 1421 1
2054 834 2
2054 696 2
2054 677 1
2054 241 1
2054 1066 3
2054 908 5
2054 478 5
2054 2423 1
2054 739 1
1111 1035 1
1944 1346 1
732 1891 1
732 2473 3
1408 47 1
263 1628 1
263 2321 1
263 230 1
1828 941 2
1828 344 3
1828 338 4
1828 2447 1
1828 1728 1
1828 2218 2
1828 1828 2
1828 1968 2
1828 94 1
1828 1489 1
1828 1526 1
1828 287 1
235 191 1
235 1306 2
235 249 1
235 235 2
278 1060 2
1588 2199 2
567 897 6
567 150 2
567 2002 1
567 1692 1
567 727 1
567 385 1
567 1135 3
567 2322 2
567 1424 5
567 923 13
567 601 1
567 1452 1
567 1359 1
567 650 1
567 2218 3
567 567 8
567 1968 4
567 893 13
567 1905 2
567 742 4
567 174 2
567 834 8
567 1679 6
567 1583 2
567 1661 1
1543 324 2
1543 1543 5
1543 2359 1
1543 769 4
1543 478 2
2033 2139 1
2254 47 1
2066 1366 2
1556 47 3
1572 1592 1
1572 2185 1
1407 1427 5
1407 1499 1
1407 2437 1
1407 2238 1
1407 2139 1
1407 1989 1
1407 753 1
1407 833 2
1407 1187 1
272 397 1
2353 47 2
1361 47 7
918 758 1
918 2097 1
918 1378 1
918 1346 1
918 1553 2
918 147 2
918 2374 2
918 1926 1
2195 2450 1
1428 47 1
2416 2091 1
2416 1938 2
2416 712 2
925 2352 1
1907 1360 1
1880 615 2
1880 1042 1
1103 1139 1
1103 1103 3
1103 592 1
1103 478 1
2015 47 1
519 2402 2
519 2217 1
519 1708 1
519 270 6
519 2271 1
519 74 1
519 1286 5
519 2218 1
519 519 2
519 2359 1
519 93 2
519 2434 1
879 1818 1
879 148 1
879 1756 3
879 879 2
879 2305 1
879 1506 4
879 1377 1
879 908 1
2170 1008 13
2170 1155 2
2170 1915 8
2170 1819 2
2170 2170 2
2170 1958 1
1958 2170 1
2344 47 2
59 562 3
237 845 2
337 1714 1
790 1373 2
790 1955 2
921 1135 2
921 921 2
347 347 4
1034 582 1
1034 344 1
1034 1686 2
1034 1819 3
1034 657 1
1034 216 4
2163 848 1
1622 1352 2
2267 891 1
2267 2253 1
1951 1481 2
1951 1952 1
1951 1850 2
1951 1951 2
186 193 5
186 1026 2
186 215 2
2219 47 1
1248 1135 3
785 2447 1
2328 835 1
1046 1305 1
321 689 1
321 2443 3
823 399 1
2080 47 1
1505 446 1
1505 2048 1
1505 2359 1
1505 1311 2
1968 897 1
1968 987 2
1968 1139 1
1968 1828 1
1968 567 4
1968 94 1
1968 834 5
1968 1901 1
2194 49 3
2194 2194 2
1094 2044 2
1094 198 3
2230 33 2
2230 674 1
2230 966 1
2230 2230 3
2230 633 1
1129 47 2
14 915 1
309 2455 1
309 1107 1
572 2381 2
572 1712 2
572 2139 2
1261 49 4
803 897 3
803 2232 1
468 2293 1
2453 47 1
1195 1520 2
1195 1789 4
1195 1178 1
1195 341 3
2330 588 1
2330 324 1
2330 189 3
2330 1717 1
2330 446 1
2330 2358 1
2330 667 2
2330 1594 5
2330 1989 2
2330 835 3
2330 1809 1
2330 1311 1
2330 7 1
783 47 1
1631 2144 1
1750 866 1
170 47 1
1772 399 3
1772 1772 2
182 2164 1
1175 304 3
1175 396 1
1175 814 1
1115 2054 1
524 210 1
1058 47 1
1409 605 1
1266 47 1
1858 1881 1
1858 1858 2
425 446 1
2369 1975 2
1773 1939 2
83 548 1
2390 2282 1
2390 86 1
2390 1915 1
2390 972 1
2212 891 1
2212 1798 1
271 1765 2
271 719 1
271 2003 1
2241 47 6
1163 47 1
458 397 1
1912 47 1
1277 47 280
1836 47 1
1349 47 1
893 1424 6
893 567 16
893 893 9
1799 47 1
1168 759 1
2149 674 3
2149 1987 1
2149 626 1
2149 857 5
1802 47 1
919 919 2
1894 47 1
1483 1241 2
827 49 2
698 1016 1
698 2010 1
698 698 3
624 47 2
487 204 3
487 1446 5
487 1481 1
487 1904 1
487 793 1
2351 1273 2
2351 224 3
2200 1991 1
2200 1952 1
2200 769 4
2388 1881 1
2388 562 1
64 47 1
1558 1282 2
1558 2389 2
714 695 1
714 1952 3
714 2054 1
714 1036 1
714 1798 1
714 274 1
1358 47 1
1053 47 1
2091 2416 2
2335 1001 4
1538 47 2
1060 293 2
1060 1648 4
1060 1942 2
1060 278 2
1060 1060 4
1060 348 4
1060 2247 3
1961 47 2
748 1762 1
2078 1733 1
1327 1327 2
1327 1724 1
1327 210 2
2152 1324 1
835 897 1
835 324 2
835 2151 2
835 955 1
835 1155 1
835 1306 1
835 1496 1
835 777 1
835 1952 1
835 19 2
835 2358 5
835 1701 3
835 408 1
835 135 4
835 2328 1
835 2330 3
835 835 6
835 1861 2
835 1461 1
835 2305 1
835 273 1
835 2232 1
835 908 1
835 478 1
771 1346 1
2204 47 2
1315 853 2
1315 1197 1
1315 932 3
1315 579 2
1315 1315 2
1315 2242 2
441 47 1
1404 61 2
1404 1404 2
475 779 2
23 457 2
23 1939 2
705 2056 1
505 47 1
2095 897 1
445 1711 1
445 2407 2
1229 1161 1
1515 1036 6
2256 952 2
2256 1346 2
931 1324 1
1575 1506 3
1313 728 2
1313 1155 4
1313 1689 3
2359 349 3
2359 385 1
2359 1220 1
2359 489 1
2359 1135 3
2359 2271 1
2359 2045 2
2359 891 1
2359 48 1
2359 743 1
2359 344 1
2359 1952 1
2359 1689 1
2359 446 1
2359 1452 1
2359 1024 1
2359 1011 2
2359 2218 1
2359 2054 3
2359 1543 1
2359 519 1
2359 1505 1
2359 360 2
2359 94 1
2359 1335 1
2359 65 5
2359 1262 1
2359 1136 3
2359 2148 3
2359 486 1
2359 495 1
2359 754 1
2359 908 9
327 634 4
327 951 6
134 35 4
1811 47 2
580 47 1
1124 2064 2
1124 1124 3
1124 1311 5
1703 988 8
1703 1835 2
1703 2206 1
1703 985 1
1703 1011 1
1703 2054 11
239 1952 1
427 1008 1
427 1918 1
2077 137 1
2077 446 2
2039 47 2
876 47 1
669 47 1
1908 633 1
459 47 1
89 703 1
89 2409 1
2031 897 2
2031 1135 1
2031 1673 1
2280 47 1
1629 2054 1
2462 176 2
1765 1366 3
1765 271 2
1765 719 1
1765 2003 2
1065 2301 4
551 1155 1
551 1763 1
551 2218 2
551 908 3
1833 1711 2
156 881 2
156 1418 2
1861 835 1
1521 47 1
528 2389 1
528 1856 1
528 528 6
1724 353 1
1724 1327 1
1036 1004 3
1036 1952 2
1036 1452 3
1036 714 1
1036 1515 2
1036 1036 36
1036 2017 1
1036 274 4
2360 1013 1
2360 228 1
2360 258 1
2360 2389 1
2360 1818 1
2360 1427 1
2360 535 3
2360 498 1
2360 1499 1
2360 1140 1
2360 1939 1
2360 2360 3
2360 1619 3
2360 1215 1
2360 7 1
1947 490 3
1947 1947 4
726 769 4
1376 47 1
1738 695 2
360 2359 1
360 65 1
2442 318 1
1843 590 2
1412 1311 1
435 47 1
1545 1697 1
1114 2428 2
229 1456 1
1564 47 2
1972 848 4
1697 1545 2
1734 317 1
1734 1760 3
1734 1672 5
1734 1734 4
1734 989 1
1734 140 1
1885 47 2
1965 599 1
1253 2452 1
1253 1225 10
1253 1925 1
1253 1762 2
1253 2437 2
1253 2384 1
1253 451 28
552 47 1
1017 47 1
1871 764 2
1191 47 1
1122 596 1
1987 189 1
1987 2266 2
1987 176 1
1987 2447 1
1987 2149 2
1987 1987 5
1987 1243 1
42 2389 1
1829 1981 1
364 2349 1
188 1881 2
188 80 1
1620 47 2
1767 1981 1
2338 47 19
1761 1236 4
1761 2054 1
526 1357 3
526 2447 1
526 526 24
526 1066 30
1217 349 1
517 517 2
517 633 1
1205 1471 3
1636 1899 3
1636 820 1
1636 2056 1
1636 1712 1
1403 799 6
1403 1893 1
1461 835 1
1351 1481 1
1109 1762 2
94 1242 1
94 2153 1
94 1296 1
94 310 1
94 1135 1
94 1353 1
94 397 1
94 95 1
94 987 1
94 535 1
94 2456 1
94 2301 1
94 1925 1
94 1009 1
94 1568 1
94 2180 1
94 1352 1
94 2073 1
94 1203 1
94 161 1
94 344 1
94 741 1
94 1686 1
94 298 1
94 674 1
94 250 1
94 1371 1
94 1728 1
94 1828 1
94 1968 1
94 2359 1
94 558 1
94 486 1
94 908 1
94 1541 1
94 2199 1
357 47 5
825 2325 2
591 2324 2
2419 2318 2
959 655 9
959 2099 1
959 2180 2
390 753 1
1455 1919 1
1455 1455 2
437 1693 1
158 47 1
940 47 1
2250 47 1
484 385 2
484 2271 1
484 1044 1
484 2467 1
484 1686 2
484 1452 1
484 71 2
484 2218 1
484 2054 1
1298 1001 1
550 628 1
1938 1216 3
1938 98 1
1938 1132 1
1938 2416 1
1938 2207 1
1938 1874 1
1938 913 1
1938 908 2
281 1583 1
884 1324 1
890 47 1
401 47 1
738 311 1
2305 897 2
2305 703 1
2305 1621 1
2305 2144 1
2305 1008 1
2305 1056 2
2305 879 1
2305 835 1
2305 1534 1
2305 2409 2
2305 2232 2
2305 2257 3
1178 634 4
1178 2108 4
1178 1195 1
1178 341 3
1178 951 1
1941 47 1
464 47 1
1120 1888 2
1120 938 1
1838 525 3
1420 2117 9
1420 403 1
1420 1281 2
558 952 1
558 397 13
558 298 8
558 94 1
558 558 8
558 2016 2
1507 1352 2
1731 1001 2
668 2198 2
460 2463 1
460 1981 4
226 47 2
633 178 1
633 582 1
633 1331 2
633 2230 1
633 1908 1
633 517 1
633 633 2
633 1018 1
633 871 1
633 1498 1
633 413 1
719 1366 1
719 271 1
719 1765 1
1920 1892 1
1254 18 1
1254 26 1
1873 559 5
2192 47 1
861 1905 1
2155 523 1
1787 1499 1
1798 1860 1
1798 1909 2
1798 1656 1
1798 490 2
1798 2212 1
1798 714 2
1798 1133 1
1798 269 1
1798 1748 1
1798 625 1
682 1333 1
682 2147 2
682 1464 1
682 2279 2
2183 2387 1
1304 2117 2
671 47 1
2307 47 1
1381 47 1
1905 567 3
1905 861 1
631 820 2
631 444 2
116 47 1
1751 1345 2
1751 1373 2
1751 985 1
1751 576 2
1751 2054 2
276 47 1
2178 1756 2
2178 2178 4
2178 65 2
2178 754 1
359 47 1
1344 47 2
1072 47 5
24 47 1
1700 1001 1
1700 775 1
1547 2380 3
1547 1463 2
1547 1547 5
2263 2144 1
2263 590 1
2263 2301 2
2263 1030 4
2263 379 1
2263 974 1
1416 1416 3
1416 210 1
326 2371 1
1335 867 1
1335 324 1
1335 2010 1
1335 33 1
1335 1656 1
1335 2271 1
1335 1139 1
1335 1952 8
1335 741 1
1335 674 3
1335 216 2
1335 2054 5
1335 2359 1
1335 1335 6
1335 2370 2
1335 2409 4
1214 613 1
618 47 2
145 1001 1
348 1060 5
348 348 3
2317 1360 2
779 1457 1
779 2147 15
779 1651 6
779 635 2
779 2380 4
779 1609 2
779 628 1
779 475 2
779 779 2
779 2264 3
1310 375 1
1007 264 1
1007 1366 1
1007 1086 1
1007 515 1
1007 1166 1
1007 1952 1
1007 836 1
1007 2048 10
1007 882 2
1007 778 2
1121 1441 1
1002 47 1
1170 1192 3
1170 1790 1
1170 314 1
1088 2404 3
1088 2375 1
1088 1877 2
1884 47 1
1489 605 2
1489 1828 2
982 47 1
2371 952 2
2371 326 1
2371 1607 1
2371 754 2
2127 47 1
447 2019 2
447 1182 1
1963 47 1
1133 51 1
1133 393 1
1133 2286 8
1133 1362 1
1133 1798 1
1284 881 1
706 47 1
192 18 5
203 1952 1
203 2373 2
2188 1352 2
1208 47 1
1619 2010 1
1619 1939 1
1619 2360 1
1619 833 5
710 1898 1
1809 2330 1
67 47 1
65 2359 6
65 360 1
65 2178 2
65 65 2
65 754 1
2001 2001 7
520 525 1
1605 47 2
1584 997 1
1334 1360 1
1334 2054 3
1832 62 1
1832 1360 1
1832 2409 1
35 1693 2
35 2244 1
35 216 2
35 134 3
35 35 4
35 2378 1
1984 2355 4
1984 2144 3
1984 2048 2
1984 577 4
1984 2226 4
972 2390 1
1018 633 1
1252 47 1
1635 47 1
96 1762 7
199 47 1
598 1966 1
598 1777 3
598 453 1
598 1263 1
598 1900 1
598 2063 2
2024 593 6
340 1155 1
177 1373 2
1593 317 1
1593 1760 3
1593 1672 2
1593 1593 2
909 2301 2
1093 2433 2
998 952 1
648 150 2
461 1760 2
1890 2140 1
2085 2325 2
2085 1374 1
2085 50 2
2418 1541 1
1262 2359 1
157 47 1
1323 708 1
2187 47 1
1061 1383 2
1061 1463 1
1200 397 1
1955 1373 1
1955 790 1
1974 1210 1
1974 31 1
1974 2179 1
1526 941 3
1526 2107 1
1526 2447 1
1526 1828 1
2003 271 1
2003 1765 2
859 1011 1
1047 2448 1
207 613 1
1367 47 1
542 1352 2
93 270 1
93 438 1
93 1286 3
93 2218 1
93 519 2
700 2447 1
964 1324 1
871 633 1
2166 2166 3
152 47 1
1485 1324 1
54 62 1
1301 47 1
804 1016 2
804 804 2
804 2373 2
592 1452 1
592 1103 1
704 47 2
880 1939 1
587 18 2
587 1903 1
443 2215 1
896 47 1
248 2475 3
248 1452 1
2420 47 1
496 47 2
1927 2013 1
1927 952 2
1927 2144 2
1927 1353 6
1927 1155 1
1927 975 2
1927 361 1
1927 183 1
1927 1139 1
1927 1481 7
1927 2273 2
1927 2323 3
1927 1157 7
1927 2244 1
1927 196 2
1927 2332 3
1927 1029 3
1927 216 7
1927 1927 12
1927 1597 5
1927 2409 6
1927 903 1
1927 2199 1
1992 47 1
2451 181 1
1181 47 1
531 47 1
1019 675 2
2247 1060 3
2063 598 1
2361 1711 2
1638 1396 1
501 512 1
501 1041 1
501 652 1
501 2175 2
501 1135 1
501 2271 1
501 1481 1
501 1346 1
501 71 2
501 2311 2
711 1449 1
711 2054 1
711 32 1
1597 1927 5
1597 1597 5
1597 2409 3
1159 1902 2
2347 1881 1
2347 987 1
2347 2409 2
993 1685 1
2235 2160 1
2235 324 1
2235 2457 1
2235 1686 3
2235 2218 2
2235 2054 1
2235 2235 3
2235 834 1
2235 908 1
2235 968 3
2123 1869 2
2123 2069 1
2123 2415 5
2123 2123 2
691 290 1
691 556 2
1136 1360 1
1136 1695 1
1136 2359 2
1071 985 1
1534 2305 2
1014 47 1
247 2072 1
247 820 1
2449 1049 1
2449 1374 5
837 1324 1
1273 265 2
1273 110 2
1273 599 12
1273 2070 2
1273 1756 1
1273 2315 2
1273 2351 1
1273 1273 2
1273 541 2
2112 49 2
224 265 3
224 2060 1
224 110 1
224 599 3
224 2315 1
224 2351 2
224 541 1
471 502 2
386 601 2
1525 2054 1
1130 1881 3
1591 47 1
2378 35 1
1227 1653 1
1227 1223 1
912 1352 12
282 1360 2
1614 231 1
1614 2214 1
1339 47 1
331 47 1
424 1219 1
424 2169 2
2148 2359 4
2444 1185 1
2444 677 2
813 290 1
1736 1803 1
1736 1360 7
1736 1881 8
1736 2447 10
575 47 1
594 867 1
594 594 2
2260 47 1
2341 47 1
287 1828 1
287 287 2
1471 1205 4
13 2352 1
2472 525 2
1929 1138 1
1722 990 1
1722 908 4
1055 867 1
1055 983 2
2370 163 1
2370 1335 1
2370 2409 1
1592 881 1
1592 1572 1
8 1881 1
1867 661 3
1867 525 1
1867 2218 1
1867 1583 1
2454 47 1
2158 1100 1
2306 2071 1
1998 1762 2
1562 47 1
1893 194 1
1893 1403 1
273 835 1
1399 999 2
1399 2281 1
1399 1139 1
1399 2202 1
1239 1481 3
1239 685 2
1879 920 2
1879 2365 3
1080 36 1
2226 1089 1
2226 2022 1
2226 2048 2
2226 577 1
2226 1984 2
288 952 1
416 47 1
795 486 1
2145 2352 2
2231 1001 1
602 590 4
2128 1872 2
1812 47 1
1224 349 3
1224 1366 2
1637 47 1
769 1943 1
769 1919 3
769 397 1
769 680 2
769 942 2
769 1881 1
769 1320 2
769 1952 4
769 2437 2
769 2475 1
769 1374 1
769 533 13
769 2394 1
769 439 5
769 1543 1
769 2200 5
769 726 3
769 769 19
769 1062 1
769 754 1
769 410 2
769 2291 1
769 2471 2
769 478 8
769 2373 4
269 1860 3
269 2286 2
269 1798 1
269 625 2
712 2416 1
2299 1530 1
1062 949 5
1062 2124 1
1062 2437 13
1062 2475 3
1062 533 1
1062 1666 9
1062 769 1
1062 1062 4
1945 1541 1
2198 150 2
2198 2180 1
2198 1481 1
2198 1711 1
2198 2218 1
2198 668 2
2198 28 1
2198 1469 2
2184 47 1
168 168 2
168 451 4
102 47 1
39 47 31
211 1402 1
1749 1373 1
1158 2411 1
1530 2299 1
1886 47 1
1766 2147 1
1718 457 1
1718 2179 1
1292 1135 1
449 47 1
422 422 2
391 47 2
1201 1001 13
1201 1201 6
2349 1786 1
2349 364 1
794 47 1
1563 2352 5
1582 47 1
1182 1859 1
1182 447 1
32 576 1
32 711 1
914 47 1
366 2337 1
626 412 1
626 2149 1
626 857 1
544 1383 1
544 1819 2
688 47 1
2376 47 1
1748 1798 1
60 2237 3
60 1747 1
2409 1400 2
2409 897 1
2409 477 2
2409 901 1
2409 1599 1
2409 2013 15
2409 2225 1
2409 2092 3
2409 2076 3
2409 2144 5
2409 515 1
2409 1353 1
2409 1155 1
2409 1627 1
2409 1481 1
2409 1157 1
2409 2244 1
2409 713 1
2409 892 5
2409 991 9
2409 1711 2
2409 1011 1
2409 1029 2
2409 216 17
2409 89 1
2409 2305 2
2409 1335 2
2409 1832 1
2409 1927 6
2409 1597 2
2409 2347 1
2409 2370 1
2409 2409 6
2409 2313 3
2409 908 1
1215 2360 1
2161 1085 3
2161 2161 2
1287 47 1
660 47 1
1926 446 2
1926 918 1
1996 47 4
1506 1041 1
1506 388 1
1506 1135 3
1506 1360 1
1506 1881 2
1506 71 2
1506 1003 2
1506 879 3
1506 1575 3
1506 1506 2
1506 486 5
1506 2291 1
1506 872 1
865 2120 1
2232 2144 1
2232 1056 1
2232 19 3
2232 803 2
2232 835 1
2232 2305 3
2232 2232 5
2232 754 2
350 516 1
350 1027 2
350 987 1
350 2339 1
350 148 1
2287 47 1
2017 900 1
2017 891 1
2017 1036 2
2017 2017 2
2023 1899 2
2023 628 3
2023 2023 5
2023 1116 2
2023 908 2
2023 1338 1
190 47 4
1311 1041 1
1311 1135 1
1311 1056 2
1311 628 1
1311 1680 1
1311 1505 2
1311 2330 2
1311 1124 4
1311 1412 1
1311 478 1
742 567 2
742 834 1
2207 1938 1
2137 1346 4
2137 1099 2
2137 2137 5
796 47 3
641 1001 1
2075 216 2
2116 974 1
66 47 13
1243 1987 1
2445 1468 1
2445 312 4
2445 1352 3
2445 315 4
2445 1085 5
2445 2445 2
809 47 1
1657 47 2
2142 47 1
1308 2185 1
419 47 1
174 664 1
174 727 1
174 923 2
174 567 1
1754 47 1
543 983 1
839 1711 1
417 1135 1
1222 2147 1
1685 993 1
2236 47 2
1256 47 2
1804 1578 1
1804 2326 2
1804 2147 5
1804 985 2
1804 1804 2
2379 1135 1
2379 2379 2
833 1781 1
833 258 3
833 2389 2
833 2162 1
833 162 1
833 1818 1
833 1643 1
833 1499 2
833 1671 2
833 1407 3
833 1619 7
833 833 2
2115 47 1
753 2162 1
753 2437 1
753 1989 2
753 1407 1
753 390 1
753 1187 1
69 1352 1
899 47 1
2372 1353 1
1179 673 2
342 47 1
486 1135 6
486 2126 2
486 2271 5
486 1834 1
486 1881 1
486 1481 1
486 601 1
486 1452 2
486 2332 1
486 1673 2
486 2218 2
486 2054 1
486 2359 1
486 94 1
486 795 1
486 1506 6
486 486 4
989 1760 1
989 1734 1
989 140 1
642 47 2
1174 47 1
548 897 1
548 238 1
548 2118 1
548 332 1
548 1834 3
548 1452 3
548 83 1
548 548 9
548 1377 2
548 2081 1
548 908 1
1935 47 1
1719 47 1
351 47 1
1307 773 6
1307 2103 1
1868 47 1
358 724 1
2016 558 1
734 903 2
2168 2107 1
770 2421 1
807 983 3
889 210 1
154 399 1
154 154 2
529 2147 1
529 515 1
1644 399 1
1425 47 1
2450 1135 1
2450 2195 1
697 150 1
1585 1402 1
1808 1780 1
1488 2175 1
105 47 2
1874 1938 1
1690 1423 2
1690 1881 1
1690 562 1
2319 2237 2
1465 47 1
1377 452 1
1377 1986 1
1377 397 1
1377 2411 2
1377 1756 2
1377 1011 7
1377 879 1
1377 548 3
1377 1377 16
1377 908 1
1782 1529 1
2242 1315 3
295 981 2
295 1686 4
295 523 1
295 1074 5
295 295 2
295 2199 2
1964 47 1
649 944 1
2009 47 1
2251 1423 1
495 1411 1
495 2144 2
495 2131 1
495 1155 2
495 1818 1
495 376 1
495 752 1
495 789 5
495 1625 2
495 2315 5
495 2359 1
495 2210 2
495 478 1
1187 2437 1
1187 2443 2
1187 1407 1
1187 753 1
2222 639 1
149 1135 2
2269 47 1
613 1863 1
613 1294 1
613 1214 1
613 207 1
613 613 2
613 44 1
1607 2371 2
7 189 4
7 2389 3
7 987 1
7 1594 1
7 2330 1
7 2360 2
886 47 1
690 521 1
690 2218 6
826 1454 1
778 264 1
778 515 3
778 2090 3
778 2048 7
778 882 2
778 1007 2
2228 1001 2
1453 47 1
2264 2147 2
2264 779 2
140 1734 1
140 989 1
52 1135 2
2068 2218 1
1112 210 1
1270 47 1
754 2110 3
754 2144 1
754 1155 1
754 2045 2
754 1747 1
754 1756 1
754 1452 1
754 2314 1
754 2359 2
754 2178 1
754 2371 1
754 65 1
754 769 1
754 2232 1
754 754 2
1551 47 2
341 1789 1
341 1195 4
341 1178 1
2312 47 3
410 769 1
410 478 1
1095 1497 1
1095 150 2
1095 1095 2
569 47 1
2291 2100 1
2291 324 1
2291 894 4
2291 812 8
2291 1135 1
2291 536 1
2291 695 2
2291 2071 1
2291 1655 7
2291 1452 3
2291 2332 2
2291 576 1
2291 1536 15
2291 2218 1
2291 769 1
2291 1506 1
2291 2291 4
2291 478 3
2291 2337 1
1257 908 1
646 47 4
903 2101 2
903 196 2
903 216 2
903 1927 1
903 734 1
903 903 2
678 47 1
1117 1933 2
603 47 1
541 110 2
541 2315 2
541 1273 2
541 224 1
541 541 3
1684 983 5
392 2410 2
392 510 2
392 133 2
538 1324 2
2313 2092 2
2313 774 1
2313 1353 1
2313 1925 4
2313 418 1
2313 1762 4
2313 2437 1
2313 2475 3
2313 2409 6
209 1356 1
209 2130 1
761 1306 1
761 155 1
846 2054 1
2407 1711 4
2407 445 1
1810 47 2
451 1225 2
451 2384 3
451 1253 29
451 168 2
451 451 2
451 478 2
126 1422 3
126 2153 1
126 822 1
126 148 1
2391 62 2
1817 1135 1
1817 402 1
1817 1481 1
1817 2201 1
1817 1452 2
1817 2332 1
1817 650 1
1817 1817 4
1101 47 1
1421 1898 1
1421 2054 2
483 213 3
1707 1211 2
1707 21 1
834 897 5
834 1135 4
834 2054 2
834 567 9
834 1968 7
834 2235 1
834 742 1
112 1756 2
112 2422 1
1439 47 1
534 979 1
92 1842 1
1442 1422 2
428 1324 1
625 2171 1
625 1798 1
625 269 2
625 625 3
476 47 4
883 1989 8
1913 689 1
1913 2443 4
696 2054 1
1771 47 1
2224 47 1
28 2198 1
28 1469 2
939 983 1
511 47 1
2471 1473 1
2471 769 1
2471 478 3
1980 674 1
2431 216 1
1375 908 2
1498 633 1
2086 47 1
1699 881 4
765 1669 4
2320 2162 1
2294 1008 1
2294 2018 1
2210 1411 1
2210 1881 1
2210 495 2
2210 2210 2
781 47 5
913 1938 2
219 47 2
1379 662 2
1043 47 1
1587 2447 1
1405 47 1
619 1001 1
2018 1008 1
2018 2294 1
1923 1689 1
1116 2023 2
677 604 1
677 1185 3
677 2147 2
677 11 6
677 2054 1
677 2444 3
507 1672 1
241 987 1
241 2054 3
1752 1135 1
1752 2475 1
570 2271 2
153 47 1
2081 1135 5
2081 548 1
305 47 2
400 593 2
872 601 2
872 1506 2
872 872 2
180 47 1
1469 2198 2
1469 28 2
1066 1357 1
1066 523 2
1066 1074 1
1066 2054 5
1066 526 29
1066 1066 2
566 1424 1
566 966 2
122 47 6
1436 634 1
2113 47 1
990 576 3
990 1722 1
370 1128 2
370 582 2
370 33 1
370 155 5
370 1206 1
370 1933 5
370 844 1
370 1686 1
370 370 2
2223 2223 3
169 1672 2
2276 210 1
26 2160 1
26 1254 1
1540 1373 1
951 634 2
951 251 1
951 1520 2
951 2027 3
951 2191 1
951 1332 1
951 819 9
951 843 2
951 327 5
951 1178 1
1172 47 1
1882 155 2
1000 1762 1
415 47 1
958 47 1
908 655 1
908 897 1
908 1249 1
908 936 1
908 1016 1
908 34 4
908 955 2
908 454 2
908 189 1
908 2229 1
908 1981 3
908 2144 1
908 2154 2
908 33 3
908 2389 3
908 1008 1
908 1135 3
908 1155 1
908 194 2
908 397 4
908 2271 2
908 1881 3
908 2301 1
908 1925 1
908 176 1
908 1068 1
908 1481 1
908 1952 2
908 2436 1
908 741 3
908 2437 3
908 77 2
908 1756 2
908 1686 1
908 1711 1
908 799 1
908 1369 2
908 1452 3
908 576 6
908 1011 2
908 1029 1
908 2218 4
908 1989 4
908 2054 5
908 879 2
908 835 2
908 2359 5
908 551 4
908 94 1
908 1938 2
908 2235 2
908 1722 1
908 2409 1
908 2023 3
908 548 1
908 1377 1
908 1257 1
908 1375 3
908 908 25
908 1931 4
908 2337 5
210 2285 1
210 1953 1
210 1628 1
210 396 1
210 470 1
210 910 1
210 2459 3
210 849 1
210 532 1
210 453 1
210 10 2
210 2394 3
210 524 1
210 1327 1
210 1416 1
210 889 1
210 1112 1
210 2276 1
210 644 2
1290 47 1
1916 47 1
494 47 1
413 633 1
968 324 1
968 1852 1
968 1449 1
968 1881 1
968 2437 2
968 2235 3
2414 47 2
44 613 1
1042 1866 4
1042 2293 1
1042 1880 1
1042 1042 2
2189 423 2
2189 2368 1
644 210 3
1193 148 1
3 2427 1
3 304 1
3 396 4
3 1881 9
478 897 1
478 1848 2
478 1041 1
478 2432 2
478 695 3
478 2071 3
478 1957 1
478 1452 8
478 1594 3
478 2054 5
478 1543 2
478 1103 1
478 835 1
478 769 5
478 1311 2
478 495 1
478 410 2
478 2291 4
478 451 2
478 2471 2
478 478 4
1541 2367 8
1541 992 1
1541 1005 1
1541 647 1
1541 2405 1
1541 1501 1
1541 421 20
1541 94 1
1541 2418 1
1541 1945 1
1541 1541 4
1260 639 1
40 47 1
1931 1576 1
1931 2218 1
1931 908 5
1317 47 1
537 47 1
230 1793 6
230 1628 1
230 194 7
230 740 1
230 2321 1
230 1889 2
230 263 1
230 230 2
2082 708 1
233 47 1
583 49 1
556 268 2
556 431 1
556 2271 1
556 1762 1
556 691 1
2278 47 1
2368 1981 2
2368 2189 1
1433 47 1
509 523 2
1976 1360 1
1642 1628 1
1610 47 1
2423 1022 1
2423 1306 2
2423 1360 1
2423 2286 1
2423 2054 1
1815 47 1
456 1363 1
456 285 1
456 1981 2
1679 567 5
1679 1679 3
129 47 1
215 186 2
2434 270 1
2434 519 1
996 47 1
1426 1426 3
564 47 1
1604 47 1
1785 47 1
50 2085 1
2051 848 1
2055 47 1
1338 2023 1
1982 952 7
1982 858 4
1583 923 1
1583 1504 1
1583 567 2
1583 281 1
1583 1867 1
2185 1983 1
2185 1572 1
2185 1308 1
1816 773 2
2083 1463 1
2396 47 2
2257 285 2
2257 2305 2
810 897 3
1661 567 2
160 311 2
160 1076 1
1876 62 2
1876 1876 2
2209 1978 1
1901 1688 2
1901 1968 1
1532 47 1
2042 47 1
926 62 2
926 657 1
2102 47 2
274 729 1
274 1452 4
274 714 1
274 1036 5
805 1807 1
805 873 3
805 1459 2
805 1892 2
805 805 7
352 81 3
2337 1422 1
2337 307 3
2337 2100 6
2337 1001 1
2337 1573 2
2337 2126 5
2337 987 2
2337 1774 2
2337 1957 1
2337 366 1
2337 2291 4
2337 908 3
2337 2337 2
2343 2147 2
2343 2343 2
739 2054 1
866 1750 1
1823 47 1
816 868 1
718 47 1
2398 979 2
1647 1029 2
1502 1011 1
480 2067 1
113 1346 1
976 47 1
1451 1762 4
857 724 2
857 987 2
857 37 1
857 745 4
857 2149 7
857 626 1
857 857 6
1064 510 1
114 815 1
2383 2271 1
2383 576 1
2373 34 1
2373 1991 1
2373 680 4
2373 1952 6
2373 1076 2
2373 203 4
2373 804 2
2373 769 2
2373 2373 2
2199 2428 1
2199 1207 2
2199 1297 1
2199 981 1
2199 1135 3
2199 361 1
2199 1686 7
2199 523 7
2199 1074 1
2199 1588 1
2199 94 1
2199 1927 1
2199 295 1
2199 2199 2
860 47 1
1608 773 1
1608 1656 1
2346 63 2
