175 1064 2
175 184 1
175 37 2
175 130 3
175 1045 4
175 1053 1
588 562 1
588 1094 1
588 317 1
65 351 11
65 197 1
65 68 2
65 823 1
65 636 1
65 569 2
65 183 1
65 111 1
65 593 1
65 1008 1
65 953 1
65 1030 1
65 8 1
65 706 5
65 730 1
65 321 1
65 949 1
433 751 2
503 141 1
500 803 1
1124 245 5
103 31 3
103 962 1
114 685 1
340 340 1
340 576 1
2 143 3
2 584 1
567 567 3
567 1075 3
567 568 25
567 505 1
567 1045 3
567 526 2
567 321 1
567 813 1
567 264 2
567 809 1
127 1124 3
127 127 3
127 1070 1
127 997 1
127 1073 1
127 197 1
127 366 2
127 838 4
127 783 3
127 562 1
127 244 4
127 245 25
127 1096 1
127 463 1
127 1094 40
127 68 39
127 300 1
127 30 1
127 58 1
127 317 4
127 885 1
127 589 1
127 1008 30
127 166 1
127 799 2
127 1088 3
127 953 45
127 877 1
127 1114 1
127 643 2
127 926 9
127 3 1
127 706 2
127 521 4
127 70 2
127 1003 1
127 1122 28
127 24 7
127 377 1
127 172 1
127 1098 2
127 688 1
127 803 13
127 387 2
752 997 6
752 880 1
81 81 24
81 562 8
81 1094 2
81 140 1
81 269 1
81 803 2
81 955 1
248 838 1
248 205 4
353 1094 1
353 68 1
48 270 1
982 982 12
982 866 14
982 757 13
982 399 11
982 1045 1
982 204 2
982 212 1
1010 1010 2
425 81 1
425 425 2
425 866 1
425 738 5
425 570 1
425 218 1
425 728 15
425 186 1
425 1064 1
425 184 1
425 178 2
425 37 4
425 993 1
425 210 1
425 191 1
425 679 2
425 942 1
425 777 1
425 269 1
425 1045 2
425 703 1
425 78 1
158 836 1
557 557 1
557 452 9
557 621 7
557 218 4
557 258 1
557 519 1
557 696 35
557 42 2
557 855 4
101 101 5
101 244 1
101 463 6
101 1094 70
101 443 4
101 521 1
101 864 2
101 172 1
101 1057 1
980 1113 1
980 550 1
720 630 5
1009 907 1
494 494 1
1090 1090 7
1090 363 16
1090 806 1
1090 728 1
1090 18 1
1090 993 1
1090 834 1
1090 210 1
1090 258 1
1090 269 1
1090 1045 1
1090 791 6
1090 53 35
1090 404 9
1090 1111 1
1090 803 1
355 355 2
355 134 1
283 283 2
283 891 1
283 948 1
76 76 6
76 627 2
76 130 4
1038 1123 1
363 363 3
363 834 1
363 593 5
363 1045 9
363 706 3
683 683 1
683 1075 1
683 730 2
1120 134 24
1120 696 3
180 363 1
180 424 2
180 180 5
180 372 10
180 285 1
180 667 1
180 593 1
180 332 22
180 677 2
180 779 1
180 942 2
180 777 1
634 634 1
634 318 1
634 912 2
927 983 1
927 1091 1
600 143 21
600 85 1
1112 428 1
1013 997 1
40 40 5
40 630 23
40 89 1
40 943 1
1047 318 1
635 217 2
635 635 2
635 562 23
635 244 12
635 245 4
635 1094 1
635 173 1
635 1122 8
635 141 4
179 223 1
179 942 1
179 526 1
179 224 1
179 858 1
157 562 2
157 1094 2
157 915 1
95 95 1
862 861 1
162 131 1
162 728 1
162 1020 1
162 37 4
162 210 1
162 995 1
162 1045 2
162 680 1
792 792 1
502 186 1
502 757 1
502 399 3
875 593 1
1036 728 1
1036 109 2
1036 1075 1
1036 1045 1
571 794 1
571 886 1
571 706 1
734 332 1
734 829 105
734 911 103
734 337 3
755 755 6
755 467 1
755 569 1
755 576 5
755 593 9
755 888 6
755 986 1
755 881 1
755 432 2
755 559 4
755 476 34
755 496 1
755 749 1
755 388 11
453 610 1
453 593 1
453 881 1
453 229 1
453 749 1
453 59 3
262 1082 1
262 718 1
277 1114 1
277 550 2
717 1075 16
717 1062 2
579 982 1
579 866 1
579 579 20
579 570 1
579 732 1
579 728 1
579 1102 1
579 1020 108
579 64 1
579 757 2
579 37 2
579 593 2
579 130 4
579 1092 1
579 995 1
579 399 2
579 432 1
579 1123 8
579 212 1
579 60 2
537 588 2
138 269 1
358 703 1
391 391 2
328 312 2
328 806 1
328 728 1
328 37 1
328 834 1
328 533 1
328 529 1
328 624 1
328 505 5
328 269 10
328 1045 15
328 506 2
328 890 5
328 224 1
328 1111 1
328 1053 7
328 955 1
789 719 2
951 877 1
790 593 1
790 786 4
596 341 1
596 636 4
596 258 1
857 857 1
760 121 1
760 760 3
760 628 3
760 895 1
760 861 3
62 599 2
228 662 14
228 602 1
697 697 2
697 744 11
697 699 1
907 997 1
294 1010 1
294 363 1
294 711 5
294 527 2
294 14 1
294 1073 1
294 351 4
294 1071 1
294 197 1
294 818 1
294 838 1
294 1094 2
294 300 2
294 449 1
294 569 4
294 659 2
294 576 3
294 183 3
294 1075 1
294 593 2
294 986 1
294 210 3
294 258 3
294 164 1
294 1008 1
294 88 1
294 718 1
294 432 1
294 1045 2
294 706 1
294 584 1
294 496 1
294 470 1
294 369 1
294 730 1
294 357 1
294 1058 1
294 911 1
294 337 1
294 1091 1
294 1053 7
294 287 1
976 14 1
1031 363 1
1031 728 10
1031 197 1
1031 1020 1
1031 886 1
1031 122 1
1031 555 1
1031 1064 1
1031 409 1
1031 178 1
1031 49 4
1031 507 1
1031 568 2
1031 593 2
1031 317 1
1031 4 63
1031 119 1
1031 942 2
1031 807 1
1031 844 8
1031 90 1
1031 1045 2
1031 921 1
1031 680 1
1031 526 5
1031 730 4
1031 966 6
1031 702 1
1031 321 1
1031 513 4
1031 949 53
1031 1067 6
1031 813 5
1031 21 1
1031 514 1
1031 1086 1
668 668 1
338 845 1
5 949 1
719 971 1
719 719 5
719 903 1
626 626 1
626 366 3
626 267 1
626 507 1
626 584 1
626 703 1
28 1016 1
373 570 6
373 1019 1
373 593 1
373 1113 1
373 404 1
964 964 1
964 562 1
1043 535 1
606 606 6
606 132 1
606 144 1
606 1018 1
1071 363 1
1071 570 1
1071 606 5
1071 728 1
117 47 3
117 117 2
117 270 8
117 467 1
117 948 1
117 593 1
147 270 1
147 593 1
147 1018 1
510 701 1
510 376 1
704 579 8
745 329 1
745 834 4
745 1045 1
745 526 10
745 730 1
745 404 1
745 676 1
745 301 1
6 1048 1
128 128 1
420 420 1
420 245 1
420 464 2
252 252 19
252 482 1
246 986 1
722 962 2
218 218 3
218 1002 1
218 728 1
218 1064 1
218 473 18
218 393 7
908 1025 5
347 279 1
347 92 1
347 328 2
347 347 4
347 612 1
347 520 5
347 895 28
347 501 2
347 268 1
347 593 3
347 747 1
347 831 3
347 35 1
347 529 138
347 269 6
347 605 1
347 887 2
347 513 1
601 662 2
11 318 1
1097 769 2
1097 388 7
482 252 29
482 482 1
318 318 1
594 627 1
594 675 1
594 562 3
594 244 2
594 1094 3
594 474 1
594 1016 1
594 556 1
594 803 2
681 681 1
758 758 1
758 593 1
758 1076 1
758 940 2
854 635 1
854 107 14
854 806 1
854 1078 31
854 315 74
854 728 1
854 627 1
854 1118 1
854 227 1
854 244 19
854 245 1
854 1094 2
854 474 1
854 923 1
854 851 1
854 640 1
854 556 7
854 803 1
828 501 3
828 404 1
828 1053 1
151 104 1
151 143 1
151 949 1
687 896 1
687 562 1
687 474 2
687 209 2
687 569 1
687 111 20
687 593 2
687 986 1
687 1001 1
687 164 1
687 35 1
687 432 1
687 90 1
687 706 48
687 321 1
450 450 1
450 467 3
450 730 1
450 185 1
441 303 5
585 895 1
585 706 1
339 870 1
339 628 10
339 68 1
339 593 1
339 136 1
446 467 2
446 1045 5
446 12 7
532 532 1
1051 815 1
1066 796 1
1066 579 1
1066 1066 12
1066 627 15
1066 245 124
1066 440 4
1066 474 6
1066 593 3
1066 744 2
1066 1045 1
1066 141 1
1066 803 1
632 938 2
632 191 1
632 269 6
632 156 3
632 224 5
632 821 6
38 107 5
79 55 1
79 690 2
715 493 1
241 14 1
999 999 1
909 485 1
909 1064 3
909 300 3
909 183 1
909 145 1
153 452 1
153 685 1
50 50 2
50 911 3
50 988 1
181 562 1
181 699 1
181 142 1
967 330 5
967 587 1
967 107 4
967 315 3
967 972 13
967 197 1
967 967 5
967 1118 53
967 664 23
967 675 90
967 459 1
967 227 4
967 562 13
967 244 3
967 245 5
967 1094 78
967 68 1
967 474 2
967 981 4
967 1007 10
967 690 1
967 744 1
967 140 1
967 56 1
967 935 3
967 1008 1
967 915 1
967 620 3
967 168 2
967 777 1
967 851 1
967 729 1
967 824 1
967 1017 1
967 556 2
967 803 21
660 974 1
660 999 1
660 660 91
660 184 1
660 834 1
660 888 1
660 174 2
660 903 2
660 673 2
660 129 1
660 624 1
660 505 24
660 1045 50
660 890 1
660 702 3
660 1053 5
660 975 1
1102 1102 1
418 104 2
418 1030 1
623 505 1
623 1045 1
306 834 1
323 579 1
323 1020 30
323 34 1
323 60 2
324 324 1
324 183 1
1055 1093 8
852 942 2
852 1045 1
115 107 21
115 253 1
115 387 1
776 1019 2
776 1094 1
776 1045 12
776 1053 2
366 366 3
43 14 1
818 422 4
818 1045 1
1034 102 8
693 131 1
693 1064 1
693 300 1
693 593 1
693 404 2
693 813 1
743 124 1
1042 751 1
336 551 10
998 527 3
998 197 1
998 612 1
998 895 3
998 583 1
36 295 4
414 128 1
414 414 1
414 501 1
694 14 73
694 816 2
186 982 11
186 866 6
186 502 1
186 186 4
186 757 18
186 1064 1
186 399 25
186 703 1
186 204 7
202 81 1
202 14 1
202 728 10
202 197 1
202 234 1
202 93 1
202 727 2
202 202 16
202 788 3
202 783 2
202 459 8
202 562 34
202 244 8
202 245 5
202 1094 9
202 68 6
202 1064 1
202 18 1
202 885 1
202 903 2
202 1016 4
202 1008 1
202 915 6
202 367 1
202 1045 1
202 784 1
202 1123 2
202 1122 7
202 141 1
202 910 3
202 803 8
782 730 3
313 644 4
313 1108 2
313 753 8
1054 574 5
1054 544 2
271 786 1
271 249 1
271 893 6
271 327 2
617 107 1
64 982 15
64 757 1
64 399 6
64 204 2
394 1064 1
944 1075 7
944 568 6
944 809 1
721 403 3
721 645 1
411 210 1
1006 659 1
1100 625 1
1100 183 1
1100 593 3
1100 483 1
1083 14 4
869 934 1
272 272 1
436 436 1
395 366 1
206 116 6
206 948 1
206 1092 5
206 481 11
591 749 1
360 853 1
360 696 2
360 327 2
692 421 4
1065 1065 2
1065 1075 31
1065 305 11
1065 1027 1
1065 287 1
836 158 7
763 203 1
763 1049 1
458 787 2
96 570 1
96 37 1
96 210 1
96 1053 1
562 796 1
562 635 3
562 157 1
562 315 5
562 627 11
562 1118 16
562 675 4
562 227 17
562 562 236
562 244 12
562 245 17
562 1094 53
562 440 1
562 474 4
562 981 1
562 1007 1
562 317 6
562 744 8
562 140 1
562 1016 1
562 56 1
562 879 1
562 718 2
562 168 2
562 777 1
562 923 2
562 367 2
562 1045 1
562 173 5
562 699 1
562 931 1
562 910 2
562 320 1
562 556 2
562 803 8
562 29 4
771 771 2
771 855 1
67 630 1
754 90 2
754 706 1
959 363 3
959 408 3
959 14 1
959 728 1
959 197 1
959 499 7
959 562 2
959 245 26
959 440 4
959 474 6
959 485 2
959 1105 1
959 111 2
959 593 49
959 888 1
959 210 1
959 332 1
959 935 1
959 16 1
959 679 5
959 777 1
959 1045 5
959 706 5
959 740 6
959 803 1
490 635 1
490 157 1
490 252 1
490 315 1
490 1118 42
490 664 1
490 675 49
490 562 16
490 245 1
490 1094 955
490 68 5
490 291 3
490 814 5
490 1007 28
490 317 4
490 210 1
490 651 2
490 140 3
490 1008 1
490 915 2
490 642 1
490 367 1
490 173 3
490 784 1
490 699 1
490 1122 1
490 566 3
490 931 1
490 658 1
490 910 1
490 803 30
415 527 2
415 570 1
415 261 1
415 210 1
415 1025 2
415 35 1
199 584 6
413 222 2
413 978 1
603 603 1
74 697 4
74 1048 4
74 37 1
74 4 1
74 1114 1
74 432 1
118 107 6
118 393 1
925 628 3
549 549 1
549 398 1
880 880 4
200 593 5
586 250 1
865 865 1
865 524 2
254 210 3
1044 382 1
1044 319 11
863 401 2
1046 68 1
1046 593 1
1106 588 1
1106 81 1
1106 635 5
1106 537 1
1106 391 2
1106 315 16
1106 972 2
1106 627 3
1106 675 2
1106 562 90
1106 244 50
1106 245 55
1106 1094 96
1106 68 26
1106 291 34
1106 474 4
1106 539 1
1106 317 13
1106 744 6
1106 1008 30
1106 915 31
1106 1069 2
1106 718 2
1106 203 1
1106 367 5
1106 173 1
1106 1122 38
1106 712 1
1106 810 1
1106 931 3
1106 141 1
1106 905 2
1106 142 1
1106 910 6
1106 556 2
1106 803 1520
1106 1035 2
969 584 3
209 713 8
209 111 2
539 244 3
304 593 1
304 310 1
304 548 3
304 777 1
304 584 30
1104 629 1
1000 806 4
1000 1074 1
1000 184 1
1000 178 3
1000 1039 7
1000 483 1
1000 451 2
1000 702 1
1000 1053 25
840 259 1
840 728 1
840 416 4
840 37 3
840 422 11
840 332 1
840 130 4
840 1045 1
840 239 1
746 1094 2
746 68 1
1063 1063 7
276 631 1
276 612 1
276 329 31
276 191 3
276 156 6
276 224 4
276 63 1
161 1075 1
274 527 1
274 911 2
274 751 7
671 68 1
671 267 1
671 864 1
530 696 1
674 612 1
674 895 1
674 823 1
674 300 1
674 156 2
674 821 1
841 678 1
1050 326 1
1050 1018 5
989 1064 1
311 295 2
98 98 2
98 856 1
98 8 1
495 178 1
495 144 2
495 593 1
495 1084 1
495 219 1
495 706 1
495 1018 5
774 14 1
331 14 2
331 593 1
970 351 1
970 197 1
970 244 1
970 1094 5
970 68 3
970 569 1
970 317 2
970 986 1
970 953 11
970 39 1
970 8 1
970 139 1
970 287 1
543 679 1
216 296 1
216 822 1
573 579 3
573 964 1
573 244 4
573 245 8
573 1094 2
573 317 1
573 1008 2
573 1092 1
573 203 1
573 810 2
573 24 1
573 931 2
573 247 1
573 1049 1
41 682 1
1029 408 1
1029 845 13
1029 250 8
1029 535 1
1029 1045 1
215 934 1
536 14 1
536 838 3
536 536 1
536 724 2
536 282 2
536 652 7
123 539 1
296 296 1
872 526 16
837 930 1
837 316 1
837 245 1
684 1048 1
684 210 1
1001 452 2
1001 986 1
1001 1045 1
561 259 3
561 131 1
561 561 3
561 679 2
589 589 2
589 1122 1
963 14 1
772 363 2
772 850 1
772 197 5
772 256 2
772 628 1
772 474 7
772 613 1
772 268 1
772 30 2
772 569 1
772 85 1
772 15 1
772 593 3
772 305 2
772 888 1
772 772 5
772 378 1
772 1076 2
772 953 2
772 1092 1
772 1114 1
772 547 2
772 706 2
772 762 3
772 730 1
772 911 1
691 1094 3
735 218 1
735 593 1
735 210 1
735 533 1
735 432 1
735 1045 1
735 791 1
582 605 1
1052 1064 13
1052 422 1
1052 1052 1
1052 546 3
724 1066 1
724 815 1
724 724 1
724 1014 1
230 728 43
230 777 1
430 184 5
430 993 1
430 659 4
430 593 12
430 888 2
430 210 152
430 679 1
430 235 1
430 995 2
430 861 1
430 506 1
430 1053 1
900 244 37
900 245 9
900 651 9
900 455 3
182 696 1
984 855 1
744 1078 1
744 744 35
744 140 1
744 803 1
608 292 3
608 608 1
608 149 4
508 527 1
508 434 1
478 250 1
884 291 63
884 803 16
361 889 1
426 244 1
426 426 2
426 706 1
426 1087 99
73 267 1
73 593 1
73 1016 1
686 686 1
223 408 1
223 152 15
223 728 1
223 993 4
223 533 9
223 1025 1
223 679 1
223 1045 1
223 239 1
512 512 1
1084 806 1
1084 210 18
1084 1025 63
1084 1084 4
1084 906 1
1084 942 1
1084 787 1
155 718 1
155 803 1
868 176 8
868 868 1
992 69 3
51 589 5
51 677 1
140 315 4
140 675 2
140 562 9
140 1094 9
140 1007 1
140 422 2
140 744 2
140 140 1
140 397 1
140 556 1
140 803 1
140 1053 3
148 740 1
1099 941 1
1099 769 81
1099 607 1
154 1073 1
154 258 2
154 737 7
519 360 7
519 853 2
519 519 1
519 696 10
842 637 1
479 499 2
479 474 1
479 479 1
479 1045 1
108 316 1
665 197 13
665 202 1
665 244 1
665 120 1
665 665 2
665 919 1
665 1125 1
665 1091 2
1011 1011 1
804 178 1
847 597 1
1061 703 2
564 467 3
402 974 89
402 528 4
402 728 1
402 1077 3
402 298 6
402 1064 15
402 184 5
402 37 1
402 422 8
402 174 31
402 332 7
402 829 1
402 777 2
402 1045 2
402 12 11
402 911 1
402 233 89
402 1053 1
965 14 2
965 822 1
894 894 3
171 680 1
266 953 1
266 518 1
933 92 7
933 593 1
933 933 4
933 3 3
933 77 3
933 1081 2
492 810 1
439 348 1
932 493 1
932 406 1
614 14 3
614 197 3
614 1082 1
614 300 1
614 1016 7
614 893 1
614 910 1
362 811 2
130 76 1
130 37 1
130 130 1
1 1094 7
1 68 4
1 945 2
1079 19 4
1079 1098 1
655 655 2
427 245 9
892 1059 2
892 501 1
892 467 1
892 300 1
892 569 2
892 85 3
892 183 1
892 133 1
892 892 2
892 706 1
892 819 1
892 319 1
696 452 1
696 218 1
696 728 13
696 230 1
696 134 1
696 130 1
696 696 18
696 747 1
696 855 2
696 1045 2
696 672 1
696 1081 1
696 393 3
696 239 5
214 107 29
214 664 1
214 1019 4
214 115 1
214 118 2
214 718 1
214 367 1
214 383 3
214 1116 1
214 556 1
214 751 1
238 421 1
238 304 1
238 1075 2
238 568 1
238 593 7
238 888 2
238 238 2
238 1045 1
238 584 9
578 273 1
917 111 1
770 610 1
770 59 5
253 107 46
253 1019 1
253 253 3
253 393 4
257 690 2
257 753 3
1033 263 1
1033 1033 1
1121 535 26
208 269 1
208 526 7
208 224 1
208 821 1
56 1118 1
460 1045 1
654 997 2
654 654 1
935 1118 1
935 440 1
284 584 1
1022 635 1
1022 315 1
1022 972 2
1022 627 2
1022 1118 1
1022 675 1
1022 227 1
1022 562 1
1022 244 105
1022 245 158
1022 1094 36
1022 68 12
1022 291 1
1022 440 4
1022 474 10
1022 1007 2
1022 317 1
1022 651 2
1022 455 14
1022 879 1
1022 1008 52
1022 915 37
1022 367 5
1022 173 1
1022 1122 16
1022 24 2
1022 931 1
1022 1081 3
1022 141 5
1022 950 1
1022 910 2
1022 556 12
1022 803 10
483 593 3
483 210 5
483 483 3
483 829 1
483 791 1
483 1053 3
661 111 1
661 593 1
166 673 3
580 318 1
849 689 2
645 176 43
645 1075 1
645 645 2
466 1075 3
221 1045 1
19 19 1
443 972 1
443 245 2
443 463 1
443 1094 9
443 68 1
443 953 1
443 1017 1
443 172 1
66 1021 6
160 997 1
160 1082 1
57 806 3
57 184 1
57 332 2
820 213 7
820 170 2
565 27 1
472 1053 6
904 244 1
641 337 1
946 696 4
946 946 2
924 915 1
799 1094 3
799 1064 1
799 317 1
833 999 18
497 675 1
354 197 1
354 210 1
747 81 1
747 332 1
747 855 1
592 107 18
592 718 1
20 14 1
20 125 1
829 1064 39
829 829 1
829 942 1
365 1045 1
1088 972 1
1088 244 1
1088 245 25
1088 1094 9
1088 68 5
1088 317 2
1088 837 1
1088 651 1
1088 799 10
1088 953 32
1088 1092 1
1088 926 2
1088 1122 3
1088 1017 2
1088 172 2
1088 387 1
380 814 1
380 1080 1
380 803 1
1069 781 2
646 584 16
646 787 25
334 317 1
489 68 1
773 728 2
920 593 1
707 424 32
707 372 8
707 408 11
707 974 1
707 579 1
707 697 7
707 606 1
707 218 14
707 728 4
707 197 1
707 1020 1
707 150 1
707 499 1
707 628 1
707 1048 1
707 245 1
707 474 1
707 757 1
707 636 1
707 1064 16
707 300 2
707 958 1
707 184 26
707 18 2
707 667 5
707 37 5
707 54 1
707 993 1
707 659 2
707 576 1
707 834 1
707 1075 1
707 593 6
707 223 3
707 512 1
707 696 2
707 483 1
707 829 1
707 953 3
707 677 2
707 35 3
707 685 2
707 679 1
707 942 1
707 397 1
707 624 1
707 505 6
707 855 1
707 540 1
707 1045 5
707 706 2
707 791 2
707 506 14
707 680 1
707 12 1
707 911 1
707 1111 1
707 239 7
707 1053 5
709 616 1
1023 72 4
1023 587 1
1023 972 8
1023 1094 2
1023 953 1
1023 1023 1
1023 278 1
832 474 1
832 948 1
832 593 12
832 986 9
832 210 3
832 483 30
832 10 3
832 269 1
832 791 1
832 787 1
552 1094 1
552 68 1
552 926 1
897 815 3
897 838 2
167 1064 1
639 569 1
297 366 1
297 193 12
649 628 1
649 421 1
649 1075 6
649 568 3
649 911 1
718 227 7
718 562 2
718 244 1
718 317 27
718 455 2
718 718 9
718 803 5
509 861 1
515 130 1
750 422 10
768 768 1
768 916 13
61 579 5
61 763 1
61 245 4
61 1094 5
61 1092 10
61 24 1
61 247 1
61 236 1
61 1049 1
647 955 1
45 527 1
145 593 1
342 423 1
342 730 1
731 366 1
541 14 1
44 628 5
44 84 1
344 106 1
344 408 1
344 635 1
344 516 1
344 285 1
344 259 1
344 527 1
344 806 5
344 697 17
344 218 5
344 1002 1
344 131 1
344 55 3
344 315 2
344 728 8
344 298 1
344 595 1
344 105 1
344 499 2
344 316 1
344 562 32
344 245 5
344 1094 25
344 412 2
344 474 1
344 603 1
344 485 1
344 1064 7
344 572 1
344 184 7
344 18 1
344 37 5
344 569 1
344 422 2
344 834 3
344 593 5
344 317 1
344 174 1
344 210 65
344 744 5
344 1039 4
344 223 2
344 533 1
344 332 1
344 1016 1
344 130 2
344 696 4
344 460 1
344 483 1
344 673 1
344 829 1
344 718 1
344 647 1
344 504 38
344 679 4
344 8 1
344 942 17
344 777 2
344 250 1
344 505 20
344 1045 17
344 173 1
344 791 1
344 506 5
344 703 3
344 962 1
344 699 8
344 890 2
344 383 1
344 566 1
344 1107 1
344 931 1
344 848 1
344 702 1
344 142 1
344 803 826
344 239 8
344 1053 8
344 1086 2
374 997 1
374 107 10
374 253 1
374 289 2
374 374 11
374 566 1
442 442 1
778 934 2
901 728 1
685 685 6
685 1045 1
685 742 1
146 176 1
761 761 6
389 612 2
87 424 1
87 834 1
87 258 3
87 235 2
87 535 1
326 1081 4
461 461 1
511 775 1
511 232 1
255 255 2
484 382 1
839 1066 1
839 659 13
839 576 2
839 210 5
839 1053 1
110 166 1
8 488 3
8 363 1
8 372 1
8 408 8
8 444 1
8 570 1
8 728 2
8 96 1
8 270 1
8 1105 3
8 1064 3
8 184 11
8 18 13
8 449 2
8 873 1
8 663 3
8 37 167
8 569 4
8 993 6
8 593 3
8 210 11
8 332 1
8 130 1
8 160 1
8 831 1
8 145 1
8 8 10
8 170 2
8 777 2
8 1045 2
8 1123 1
8 506 33
8 476 1
8 795 1
8 390 1
8 740 1
899 300 1
825 803 3
878 1045 11
878 706 8
942 971 10
942 1074 479
942 1053 9
733 598 1
604 593 1
604 786 1
604 888 2
604 238 1
954 37 1
168 1118 4
168 227 1
168 168 1
457 457 1
237 728 1
237 130 1
237 995 1
237 1045 1
524 524 1
203 1094 1
203 1049 2
400 1094 1
400 68 4
407 348 5
407 439 2
407 407 2
801 628 1
801 593 21
801 305 1
801 888 4
801 986 1
801 680 1
801 730 1
801 1110 1
666 972 2
666 244 6
666 245 43
666 1094 28
666 68 20
666 317 7
666 1088 1
666 400 1
666 666 2
666 518 2
666 242 1
666 172 2
1095 696 2
996 143 1
996 1086 1
170 315 1
716 184 1
716 37 1
716 149 5
994 244 1
726 14 4
726 896 1
726 244 2
726 1094 1
726 58 6
726 37 1
726 491 2
726 422 1
726 144 1
726 317 2
726 655 1
726 100 2
726 462 1
726 679 1
726 726 6
918 663 1
918 949 1
785 997 1
1068 579 1
1068 245 1
1068 744 1
1068 512 1
1068 548 5
1068 777 24
1068 1045 11
1068 808 1
1068 919 1
1068 803 1
1089 764 1
1089 1043 2
1089 1094 2
1089 68 2
1089 317 1
465 769 2
468 576 1
302 300 1
302 703 1
851 315 1
874 721 1
874 403 1
314 794 5
698 635 1
698 803 1
1037 14 6
1037 949 1
902 986 1
231 680 3
505 834 1
505 174 4
505 1045 1
505 12 1
505 702 10
505 233 1
505 955 8
882 315 1
882 562 1
882 244 2
882 325 1
882 367 4
89 630 3
89 89 2
187 972 12
187 245 1
187 1094 2
187 187 4
517 517 1
517 769 25
517 236 1
42 557 1
42 452 1
42 815 1
42 360 1
42 834 1
42 593 6
42 1001 1
42 134 10
42 696 45
42 946 1
42 42 2
192 987 1
192 501 1
192 329 6
192 655 16
192 483 3
192 529 4
192 457 12
192 269 119
192 605 1
192 156 7
192 526 2
192 224 2
192 821 23
83 888 1
83 934 1
169 708 3
1085 972 1
1085 245 1
1085 68 1
859 93 3
859 727 2
859 562 1
859 784 6
859 803 4
540 1077 1
469 888 1
469 133 2
3 690 1
3 3 1
3 706 1
3 1081 1
77 92 4
77 322 1
77 933 1
77 77 1
288 723 2
288 77 1
288 357 5
798 1094 4
798 1008 1
798 953 2
798 1080 28
798 803 1
432 432 3
835 383 1
456 76 5
456 107 13
456 315 2
456 1019 3
456 93 1
456 562 1
456 1094 1
456 393 1
1117 350 1
1117 527 1
1117 806 1
1117 499 1
1117 68 1
1117 474 1
1117 1007 2
1117 467 1
1117 18 1
1117 109 1
1117 37 2
1117 569 2
1117 993 1
1117 659 1
1117 576 1
1117 422 4
1117 845 1
1117 144 1
1117 593 1
1117 772 1
1117 210 124
1117 928 1
1117 512 1
1117 258 1
1117 670 3
1117 1114 2
1117 679 1
1117 995 5
1117 861 5
1117 1045 3
1117 706 1
1117 506 1
1117 605 1
1117 680 1
1117 496 2
1117 526 1
1117 1053 9
1117 1086 1
952 685 1
1040 14 1
229 229 2
584 584 3
335 730 3
521 1118 12
521 675 2
521 551 1
521 459 1
521 562 1
521 244 5
521 245 2
521 1094 280
521 68 9
521 291 1
521 981 2
521 1007 14
521 140 1
521 1008 3
521 915 3
521 435 1
521 953 2
521 367 2
521 521 4
521 173 15
521 824 1
521 1122 5
521 931 2
521 803 17
521 29 1
23 307 1
23 501 1
23 467 1
23 569 1
23 706 1
23 23 1
23 303 1
46 437 1
33 191 1
780 292 1
780 149 1
780 522 1
780 419 1
871 493 2
739 319 1
113 568 4
1103 757 1
1103 399 1
791 76 1
791 971 4
791 259 1
791 14 1
791 197 1
791 37 3
791 593 123
791 431 1
791 888 9
791 735 1
791 210 1
791 893 1
791 1045 1
791 791 64
791 506 1
791 921 13
791 476 1
791 392 6
791 398 1
791 480 1
791 1110 34
791 1053 2
486 568 1
486 190 1
240 568 1
280 982 1
280 866 3
280 76 1
280 424 7
280 408 2
280 579 18
280 697 1
280 570 1
280 117 1
280 728 7
280 1020 22
280 186 9
280 459 1
280 757 15
280 865 1
280 416 1
280 793 1
280 1064 4
280 18 1
280 109 2
280 37 14
280 569 2
280 993 3
280 659 3
280 422 2
280 593 4
280 888 1
280 210 2
280 130 1
280 696 1
280 188 1
280 483 1
280 677 5
280 679 2
280 8 1
280 995 2
280 777 1
280 535 2
280 399 18
280 432 1
280 1045 11
280 769 1
280 1123 49
280 703 2
280 607 1
280 911 9
280 60 1
280 126 1
956 245 1
956 68 1
956 569 1
956 576 1
956 706 1
438 420 1
417 82 1
417 628 1
417 467 5
417 703 5
496 218 5
496 467 3
496 593 4
496 133 1
496 679 11
496 624 1
496 703 6
496 496 1
91 116 2
91 448 1
91 611 2
91 375 1
91 1092 11
91 481 123
91 91 5
91 653 1
91 1119 4
1125 628 1
1125 467 3
1125 232 2
1125 569 1
1125 176 1
1125 881 1
1125 512 1
1125 934 1
1125 1092 1
1125 680 1
1125 1125 1
225 258 7
962 31 1
962 830 1
962 962 5
70 245 8
70 70 1
939 245 23
939 1094 1
939 1008 1
939 953 1
939 70 1
939 518 1
939 864 1
939 1081 1
86 628 1
371 699 1
700 164 3
824 1118 4
824 562 1
824 1094 60
824 173 1
824 824 11
581 269 1
523 1094 2
9 193 3
9 968 1
26 177 51
26 189 5
308 143 1
650 529 1
359 794 1
1003 244 2
1003 245 1
429 584 5
609 1098 1
609 220 4
725 725 1
748 1084 1
748 1080 8
748 798 1
748 800 1
204 982 3
204 757 3
1024 972 1
1024 244 2
1024 245 3
1024 463 1
1024 1094 30
1024 1076 1
1024 926 1
1024 864 6
1024 658 2
1024 387 2
346 357 1
633 1094 1
633 1008 1
633 706 1
633 961 1
531 576 1
531 1015 5
531 531 2
470 475 1
470 258 1
470 470 4
470 404 1
470 59 12
470 287 8
741 184 1
464 420 1
464 1122 1
756 570 1
756 109 1
890 890 28
890 75 2
379 14 15
379 510 3
379 436 45
379 1053 1
379 78 3
656 728 1
656 300 1
656 109 5
656 232 5
656 1075 11
656 568 15
656 190 1
656 321 1
656 211 1
656 949 4
656 813 11
656 343 6
212 982 17
212 866 19
212 502 4
212 579 1
212 444 1
212 186 1
212 64 1
212 757 33
212 629 2
212 399 44
212 1103 1
212 1123 1
212 204 11
212 212 2
345 579 1
345 568 1
345 995 4
345 861 1
369 913 1
819 895 1
819 501 1
819 368 1
943 630 5
498 317 1
224 269 6
224 224 2
224 821 2
94 259 5
94 579 1
94 973 8
94 85 18
94 465 2
94 517 5
94 399 1
94 769 109
94 730 1
94 607 36
94 534 3
94 387 1
94 236 2
648 267 1
1028 13 1
1028 845 3
1028 948 1
1028 593 1
1028 238 3
1028 535 1
1109 470 1
922 499 1
538 107 1
538 972 7
538 427 1
538 1008 5
538 1017 10
538 950 1
538 387 2
566 107 2
767 474 1
356 1070 1
356 794 2
356 352 1
657 973 3
657 143 23
657 607 3
657 657 1
554 197 1
554 838 1
797 1008 1
810 905 2
275 703 1
24 459 1
24 227 20
24 244 1
24 245 2
24 1094 4
24 317 45
24 718 1
24 367 2
24 24 1
24 931 4
1018 606 2
1018 627 1
1018 562 1
1018 244 1
1018 245 139
1018 132 3
1018 210 1
1018 696 1
1018 1008 2
1018 326 6
1018 381 1
1018 767 1
1018 1018 4
1018 1081 14
1018 141 4
1018 803 2
80 526 1
1072 1012 1
1072 1072 6
159 499 1
159 244 1
159 68 1
159 569 1
159 888 1
159 32 1
159 953 1
159 1028 1
159 321 4
357 210 1
357 770 1
357 287 1
957 794 3
991 986 1
242 72 3
242 587 6
242 972 79
242 783 1
242 244 42
242 245 7
242 68 2
242 953 1
242 1023 14
242 994 1
242 518 1
242 1122 1
242 864 4
242 1017 4
242 293 1
242 278 4
242 658 1
242 387 2
1004 997 5
1004 527 1
1004 1082 1
1004 718 1
1004 990 1
1004 1004 2
669 245 1
669 803 1
370 714 1
534 607 1
534 898 1
1115 593 22
1115 983 1
1115 888 3
1115 986 1
1115 483 4
1115 742 9
766 662 7
410 587 9
410 972 54
410 675 1
410 1094 3
410 814 1
410 443 2
410 953 4
410 950 2
1005 14 4
1005 376 1
1005 78 2
1119 481 66
1119 769 13
1119 1119 2
293 244 1
293 172 1
282 838 3
282 282 1
282 883 1
137 92 3
705 117 1
705 728 4
705 197 7
705 1066 1
705 794 2
705 783 1
705 245 1
705 1096 1
705 68 1
705 663 1
705 183 1
705 111 1
705 1075 1
705 593 3
705 885 1
705 402 1
705 747 1
705 39 1
705 861 1
705 1045 4
705 706 17
705 476 1
705 680 4
705 730 2
705 321 2
705 1027 1
705 813 1
705 1021 1
826 575 2
812 794 19
333 333 2
309 794 1
309 244 1
309 245 1
309 926 1
309 189 1
309 867 1
404 76 1
404 445 1
404 834 3
404 1101 1
404 386 2
404 210 1
404 1045 1
404 404 6
404 702 31
911 535 2
911 911 4
542 1094 1
195 593 1
278 278 1
563 318 1
563 332 1
563 876 2
563 605 1
377 972 4
377 1094 1
377 278 1
60 1020 3
860 860 1
1116 107 1
1116 19 5
1116 1098 3
553 997 3
553 1075 20
553 759 11
553 615 1
950 972 5
950 244 9
950 245 5
950 1008 3
950 953 1
950 950 1
950 803 1
265 516 1
265 422 1
251 244 3
251 245 10
251 1094 16
251 68 8
251 317 2
251 32 1
251 799 1
251 953 1
251 172 7
251 447 1
71 811 1
929 960 2
447 245 4
447 1094 10
447 291 1
447 521 1
447 1057 2
405 363 4
405 775 1
405 690 1
405 17 1
405 69 4
405 714 1
805 1045 1
985 1082 5
1041 834 2
545 634 2
545 668 2
545 318 4
545 750 1
545 545 2
281 794 1
376 14 101
376 786 1
376 847 5
376 597 1
376 205 1
376 1037 1
376 22 1
376 822 3
471 728 5
471 197 10
471 1064 1
471 300 3
947 210 1
163 979 2
163 300 2
163 232 1
163 1075 117
163 645 1
163 321 1
163 163 27
163 1027 1
163 949 2
163 813 35
349 680 1
525 260 1
736 697 4
736 109 1
577 307 1
577 183 1
577 749 2
618 1075 14
618 568 1
618 290 1
618 1060 1
846 846 1
196 576 1
1027 232 1
1027 1075 8
1027 568 38
1027 1045 1
1027 1027 2
1027 1111 3
1027 264 1
1027 809 2
1091 570 2
1091 197 4
1091 593 4
1091 404 4
1091 1091 5
384 910 2
384 393 1
207 675 2
207 244 3
207 245 5
207 1094 10
207 915 2
207 556 1
207 803 1
480 165 2
480 888 9
480 238 1
1026 1122 1
1110 14 4
1110 1094 1
1110 593 8
1110 396 2
1110 786 2
1110 888 2
1110 735 1
1110 953 1
843 938 1
843 329 15
843 156 1
843 224 1
556 1078 1
556 315 1
556 244 34
556 1094 1
556 455 1
556 367 1
556 556 7
710 710 1
29 315 8
29 562 1
29 244 41
29 1094 37
29 317 1
29 803 1
29 29 19
385 861 1
385 7 6
385 319 2
99 590 2
558 351 1
558 198 1
558 467 1
558 861 13
226 712 3
226 383 4
226 803 1
102 102 24
827 13 1
827 827 1
695 999 1
936 1066 1
936 977 2
25 300 1
97 1045 1
194 1064 2
194 37 1
194 422 4
194 183 2
194 1016 1
194 462 1
194 685 1
194 535 1
194 476 1
194 680 1
194 1053 1
858 1064 1
914 911 1
477 152 1
477 300 1
477 18 6
477 449 6
477 178 1
477 37 45
477 569 21
477 993 1
477 845 1
477 210 2
477 332 1
477 130 1
477 149 3
477 829 1
477 243 2
477 35 1
477 170 1
477 506 1
387 107 16
387 972 2
387 1019 1
387 244 1
387 245 1
387 1094 2
387 68 1
387 317 1
387 32 1
387 427 1
387 1023 1
387 864 1
387 278 1
387 387 1
286 997 1
286 880 1
301 526 6
112 794 1
112 895 1
112 501 4
112 569 1
112 120 1
112 576 1
112 1084 2
112 164 1
112 192 1
112 919 1
112 638 1
112 112 1
454 999 2
560 888 1
487 1094 1
299 37 1
299 267 1
299 423 2
299 844 1
299 526 1
299 730 2
817 717 2
817 1075 27
817 817 1
817 1060 3
809 1075 21
809 1027 1
809 809 4
135 197 1
135 1094 1
135 467 2
135 802 1
135 364 14
135 576 1
135 593 1
135 941 2
135 1092 3
135 629 2
135 465 1
135 517 9
135 769 233
135 607 12
135 236 14
583 312 1
583 895 1
52 382 1
52 569 1
52 948 1
52 593 1
940 584 2
940 940 2
955 834 3
955 506 1
821 355 2
821 938 1
821 329 30
821 210 1
821 457 2
821 269 26
821 156 5
821 224 5
821 821 67
822 14 2
822 888 1
822 822 2
1049 562 2
1049 244 1
1049 1094 1
1049 68 1
1049 317 1
1049 367 1
1049 905 1
1049 247 1
1049 910 1
1049 1049 3
201 291 1
765 717 1
765 1075 1
765 937 1
619 1056 5
619 622 1
1032 728 13
