1 1 79
1 17 11
3 3 9
3 388 1
8 6 2
8 7 2
8 8 1560
8 9 819
8 12 1
8 13 6
8 16 1
8 19 56
8 20 4
8 22 3
8 25 1
8 97 2
8 125 2
8 126 9
8 147 6
8 155 3
8 156 1
8 161 4
8 190 13
8 204 4
8 228 1
8 306 1
8 310 13
8 329 5
8 344 2
8 392 1
8 402 1
8 478 1
8 481 2
8 485 3
8 645 1
11 11 33
11 24 1
14 14 1
15 15 205
15 71 1
15 78 1
15 120 27
15 155 1
15 157 4
15 159 24
15 231 2
15 280 98
15 337 173
15 341 266
15 377 2
15 409 3
15 617 1
15 618 3
15 633 1
15 641 3
16 4 50
16 6 5
16 7 2
16 9 1
16 12 4
16 16 242
16 20 143
16 21 17
16 29 9
16 67 6
16 71 2
16 85 1
16 147 3
16 161 2
16 199 40
16 204 3
16 214 2
16 310 1
16 392 1
16 393 3
16 485 2
16 497 46
16 512 3
16 524 5
16 568 19
16 586 3
16 617 1
16 641 1
17 1 3
17 17 153
19 4 3
19 5 2
19 8 26
19 9 420
19 19 1475
19 20 1
19 21 4
19 22 104
19 24 1
19 68 1
19 72 1
19 81 1
19 125 14
19 132 2
19 147 24
19 149 22
19 151 1
19 155 5
19 171 1
19 190 3
19 192 1
19 199 1
19 222 1
19 285 1
19 310 6
19 392 10
19 393 3
19 401 1
19 405 1
19 419 1
19 446 1
19 454 10
19 467 1
19 478 23
19 497 3
19 529 9
19 530 1
19 558 1
19 564 2
19 584 1
19 645 1
20 4 26
20 7 1
20 8 3
20 9 5
20 13 10
20 16 38
20 19 2
20 20 1249
20 21 22
20 22 9
20 28 1
20 29 12
20 45 3
20 71 1
20 147 33
20 155 2
20 161 2
20 171 1
20 190 5
20 199 9
20 204 3
20 240 1
20 284 1
20 285 1
20 310 31
20 329 1
20 344 2
20 392 10
20 393 4
20 407 1
20 467 1
20 473 1
20 485 9
20 497 16
20 568 2
20 573 1
20 579 1
20 584 1
20 618 2
20 636 24
20 645 1
21 4 7
21 6 1
21 9 2
21 13 1
21 16 4
21 20 4
21 21 520
21 22 1
21 28 119
21 29 1
21 68 1
21 132 1
21 161 8
21 199 2
21 310 12
21 324 1
21 393 2
21 420 1
21 485 4
21 497 4
21 568 2
21 584 1
21 618 1
22 4 4
22 6 2
22 7 1
22 8 2
22 9 104
22 12 9
22 16 2
22 19 166
22 20 2
22 21 5
22 22 2839
22 29 2
22 34 1
22 68 12
22 81 1
22 112 1
22 120 1
22 147 36
22 149 1
22 152 1
22 190 13
22 278 58
22 310 4
22 327 1
22 329 1
22 344 2
22 392 24
22 393 34
22 396 1
22 405 69
22 419 1
22 440 1
22 462 1
22 485 296
22 497 5
22 558 7
22 578 1
22 579 1
22 584 4
22 618 1
22 621 6
22 636 2
22 645 2
23 23 16
23 128 1
23 196 3
24 24 872
24 73 1
24 87 1
24 125 1
24 163 3
24 187 1
24 192 1
24 248 2
24 274 3
24 308 1
24 334 6
24 381 1
24 423 1
24 430 3
24 482 1
24 570 3
26 26 76
26 128 3
26 196 1
26 381 1
27 27 72
27 609 4
29 4 14
29 16 2
29 19 1
29 20 7
29 21 20
29 22 2
29 26 1
29 29 1071
29 45 1
29 68 6
29 71 1
29 72 1
29 112 7
29 147 11
29 178 1
29 214 2
29 251 1
29 265 1
29 273 1
29 285 1
29 310 43
29 392 5
29 393 2
29 398 2
29 485 2
29 497 7
29 508 2
29 539 55
29 564 1
29 568 17
29 571 18
29 579 1
31 2 1
31 39 3
31 59 2
31 166 1
31 168 2
31 177 1
31 230 5
31 291 2
31 311 1
31 322 2
31 345 2
31 346 1
31 417 2
31 418 2
31 433 12
31 469 1
31 487 3
31 493 1
31 516 1
31 616 1
32 32 106
32 71 19
32 280 3
32 409 3
33 33 1
33 36 2
33 60 30
33 61 603
33 140 1
33 151 2
33 289 1
33 365 1
33 397 11
33 432 1
33 638 1
34 34 4
35 35 101
35 155 1
35 190 4
35 192 6
35 360 3
35 453 1
36 36 18
36 61 27
36 83 4
36 397 12
37 37 2
37 53 1
38 38 18
40 40 2
41 41 8
42 42 21
43 43 38
43 269 1
43 455 1
43 645 1
44 44 11
45 45 61
45 47 1
45 190 3
45 192 1
45 467 1
45 555 1
46 15 2
46 35 1
46 120 2
46 269 1
46 453 1
46 515 1
47 45 3
47 47 31
47 126 1
47 190 1
47 265 4
48 48 1
49 49 1
50 50 29
50 342 1
50 368 29
50 534 26
50 555 5
51 51 36
52 52 9
53 53 9
54 54 28
57 57 2
58 58 2
60 60 9
62 62 1
63 63 61
64 42 1
64 64 111
65 65 1
66 31 1
67 67 6
68 5 1
68 9 4
68 19 2
68 20 1
68 21 7
68 22 5
68 60 1
68 68 653
68 71 1
68 81 5
68 95 1
68 147 3
68 155 3
68 182 17
68 183 1
68 190 1
68 199 1
68 202 1
68 269 3
68 285 1
68 310 9
68 324 1
68 351 1
68 370 1
68 392 1
68 432 1
68 467 2
68 470 1
68 481 1
68 485 1
68 497 8
68 555 1
68 558 1
68 568 1
68 579 3
68 584 7
68 586 1
68 645 1
69 69 2
69 467 2
70 21 1
70 70 39
70 198 2
70 201 1
70 269 1
70 277 2
70 333 3
70 514 1
70 526 1
70 543 5
70 617 5
71 4 1
71 32 88
71 35 1
71 68 1
71 70 1
71 71 1112
71 73 1
71 77 1
71 120 6
71 132 1
71 155 5
71 157 2
71 167 1
71 192 1
71 198 1
71 199 1
71 269 24
71 280 36
71 344 1
71 360 1
71 372 1
71 389 16
71 409 1
71 414 2
71 416 1
71 431 1
71 453 3
71 515 16
71 582 4
71 618 4
71 645 1
72 71 1
72 72 148
72 122 2
72 162 3
72 195 2
72 251 10
72 362 1
72 409 1
72 460 1
72 470 2
72 515 1
72 543 1
72 618 3
73 73 8
74 74 1
75 9 1
75 75 309
75 117 1
75 119 10
75 155 11
75 167 1
75 207 41
75 228 4
75 310 1
75 331 1
75 401 1
75 470 1
76 76 1
77 77 36
78 78 88
78 334 1
78 482 2
78 569 1
78 618 1
79 79 4
80 211 2
80 225 79
80 226 4
80 257 5
80 446 3
81 5 4
81 8 1
81 9 5
81 19 1
81 22 1
81 81 485
81 85 4
81 147 3
81 155 2
81 199 1
81 240 1
81 264 1
81 304 1
81 310 1
81 341 1
81 392 2
81 393 1
81 409 1
81 431 1
81 482 1
81 512 1
81 558 2
81 584 4
81 611 1
81 621 1
81 645 24
82 82 29
84 4 2
84 34 1
84 78 1
84 84 3
84 85 497
84 122 1
84 147 1
84 154 5
84 162 1
84 190 1
84 214 1
84 268 1
84 310 1
84 392 1
84 455 1
84 497 1
84 531 1
84 535 1
84 568 1
84 617 2
84 641 5
84 645 9
86 15 1
86 86 58
86 128 1
86 152 9
86 196 1
86 260 10
86 269 3
86 389 1
86 392 4
86 398 3
86 423 1
86 444 9
86 467 1
86 497 1
86 519 1
86 524 3
86 555 3
86 586 2
86 618 1
86 645 1
87 87 9
88 88 3
89 89 8
90 222 1
90 581 87
90 629 1
93 92 44
93 93 1
93 427 2
94 94 38
94 101 22
94 105 444
94 214 2
94 255 6
94 258 8
94 259 13
94 288 1
94 293 11
94 332 1
94 347 1
94 363 24
94 364 64
94 367 10
94 450 2
94 505 1
94 545 1
94 618 1
94 632 25
95 95 84
95 584 1
96 96 58
97 97 55
98 4 1097
98 8 1
98 9 12
98 16 35
98 19 1
98 20 19
98 21 46
98 22 6
98 29 16
98 68 6
98 71 7
98 75 1
98 98 19
98 104 1
98 126 1
98 147 9
98 155 2
98 157 1
98 161 1
98 167 1
98 174 31
98 190 2
98 191 1
98 199 85
98 214 16
98 285 1
98 310 30
98 329 1
98 344 3
98 392 1
98 393 7
98 409 2
98 444 1
98 485 1
98 497 98
98 512 2
98 549 2
98 558 1
98 568 59
98 586 51
98 617 4
98 641 2
98 645 2
99 99 3
99 585 1
101 94 2
101 101 231
101 102 1
101 105 2
101 155 1
101 255 1
101 259 5
101 363 2
101 364 1
101 499 10
103 103 45
103 117 1
103 332 4
103 450 3
105 105 1
107 107 35
108 108 5
110 110 3
111 111 135
111 155 1
111 229 19
111 261 2
111 331 1
111 347 1
111 450 1
111 454 1
111 501 11
112 4 9
112 5 8
112 8 1
112 9 30
112 18 1
112 19 6
112 21 1
112 22 5
112 29 4
112 43 1
112 51 1
112 68 23
112 71 2
112 78 1
112 81 35
112 85 32
112 86 2
112 95 1
112 102 1
112 112 719
112 142 10
112 147 11
112 155 6
112 161 13
112 162 10
112 167 1
112 190 3
112 192 1
112 221 1
112 234 1
112 240 4
112 243 1
112 250 1
112 260 4
112 269 17
112 285 21
112 290 1
112 300 1
112 310 11
112 327 1
112 372 1
112 381 1
112 392 4
112 393 1
112 398 27
112 409 12
112 419 1
112 420 5
112 431 1
112 444 2
112 446 1
112 453 1
112 454 1
112 467 5
112 470 1
112 473 1
112 477 1
112 482 4
112 497 13
112 512 10
112 519 1
112 525 1
112 549 6
112 555 1
112 558 1
112 579 2
112 584 27
112 586 1
112 617 8
112 618 2
112 645 2011
114 114 5
115 115 4
116 116 2
117 20 1
117 54 1
117 71 4
117 75 1
117 111 1
117 117 397
117 119 82
117 155 9
117 167 1
117 207 1
117 228 2
117 229 1
117 285 1
117 327 1
117 331 8
117 332 2
117 347 1
117 364 1
117 409 1
117 441 67
117 450 1
117 454 4
117 523 3
118 118 1
119 75 3
119 117 60
119 119 1197
119 155 23
119 190 1
119 240 1
119 261 1
119 279 1
119 310 1
119 327 4
119 331 49
119 335 2
119 347 7
119 441 1
119 454 11
119 476 1
119 523 40
119 567 1
119 593 1
122 122 146
122 206 1
122 260 1
122 480 2
123 123 2
123 360 1
124 179 2
124 234 2
124 254 1
124 272 1
124 422 4
125 9 169
125 19 8
125 121 1
125 125 200
125 178 1
125 478 10
125 497 1
126 8 4
126 9 4
126 22 1
126 126 61
126 190 1
127 127 28
127 310 1
128 23 2
128 26 3
128 128 258
128 155 1
128 194 3
128 196 12
128 240 1
128 285 1
128 584 1
129 129 18
130 130 3
131 131 6
131 362 1
132 21 1
132 29 1
132 71 1
132 132 74
133 133 3
133 161 2
134 134 1
135 135 29
136 222 1
137 137 8
139 139 22
140 140 1
141 141 7
141 331 1
141 554 1
142 22 1
142 72 1
142 142 742
142 155 23
142 162 2
142 163 1
142 190 8
142 192 1
142 212 1
142 223 6
142 239 1
142 251 2
142 268 1
142 288 53
142 290 2
142 409 1
142 427 1
142 437 10
142 446 1
142 454 24
142 564 1
142 579 1
142 606 2
142 618 8
142 641 1
142 645 4
143 143 19
144 31 2
145 4 1
145 145 22
145 155 1
145 328 1
146 3 1
146 146 18
147 4 54
147 5 12
147 6 2
147 7 55
147 8 8
147 9 45
147 13 1
147 16 3
147 18 2
147 19 14
147 20 19
147 21 35
147 22 67
147 24 1
147 29 28
147 30 2
147 54 3
147 60 2
147 68 3
147 81 2
147 83 2
147 97 3
147 112 2
147 125 1
147 126 2
147 132 1
147 147 5306
147 149 1
147 151 1
147 155 4
147 161 1
147 172 1
147 174 1
147 190 336
147 191 4
147 192 1
147 197 1
147 199 16
147 204 29
147 214 13
147 222 1
147 229 1
147 232 1
147 234 1
147 240 2
147 241 1
147 264 1
147 265 2
147 268 2
147 269 1
147 278 2
147 285 1
147 292 1
147 304 2
147 305 1
147 310 47
147 327 1
147 329 43
147 332 1
147 334 1
147 344 2
147 347 1
147 381 1
147 385 1
147 392 359
147 393 189
147 398 4
147 401 3
147 402 1
147 405 6
147 409 2
147 411 1
147 423 1
147 424 1
147 446 2
147 449 1
147 454 4
147 467 1
147 470 4
147 475 1
147 476 1
147 477 1
147 478 7
147 481 1
147 485 46
147 497 31
147 512 1
147 527 1
147 529 2
147 539 9
147 549 2
147 558 2
147 560 1
147 564 1
147 568 21
147 571 4
147 579 2
147 584 9
147 586 2
147 589 1
147 590 1
147 601 2
147 617 1
147 618 4
147 621 2
147 624 1
147 635 1
147 645 2
148 148 6
149 4 11
149 5 1
149 6 4
149 7 5
149 8 735
149 9 2194
149 13 6
149 16 5
149 19 577
149 20 11
149 21 18
149 22 87
149 25 3
149 29 1
149 68 19
149 81 2
149 95 2
149 97 3
149 125 183
149 126 14
149 132 1
149 142 1
149 143 1
149 147 54
149 155 3
149 161 20
149 167 1
149 171 3
149 190 17
149 192 5
149 199 2
149 204 22
149 214 1
149 222 1
149 232 1
149 240 1
149 248 1
149 285 1
149 307 1
149 310 31
149 314 1
149 327 2
149 329 2
149 357 1
149 360 1
149 381 1
149 392 46
149 393 29
149 394 1
149 402 1
149 405 2
149 411 1
149 419 1
149 431 1
149 446 1
149 454 1
149 456 1
149 462 1
149 470 1
149 478 29
149 481 1
149 485 29
149 490 1
149 497 12
149 558 1
149 567 1
149 568 2
149 579 2
149 584 16
149 601 1
149 621 2
149 645 12
150 150 70
150 423 1
151 151 25
152 10 1
152 22 1
152 86 6
152 112 1
152 142 2
152 152 40
152 162 1
152 167 53
152 190 3
152 260 13
152 268 1
152 269 1
152 310 1
152 376 1
152 381 1
152 444 5
152 446 1
152 481 2
152 482 2
152 518 5
152 527 1
152 544 3
152 555 56
152 579 2
152 590 1
152 645 5
153 153 88
155 4 1
155 8 1
155 21 1
155 22 1
155 54 1
155 68 5
155 71 13
155 75 2
155 102 3
155 112 6
155 117 47
155 119 31
155 120 1
155 128 3
155 132 1
155 142 16
155 147 4
155 155 3329
155 159 1
155 163 1
155 198 2
155 222 1
155 223 2
155 228 2
155 229 2
155 240 11
155 251 1
155 260 1
155 268 1
155 277 1
155 288 6
155 292 2
155 300 1
155 310 11
155 327 1
155 329 1
155 331 10
155 332 2
155 335 19
155 344 11
155 347 3
155 360 1
155 364 1
155 395 1
155 409 5
155 416 1
155 423 2
155 427 21
155 441 26
155 444 2
155 450 9
155 453 1
155 454 191
155 460 4
155 463 2
155 470 3
155 472 1
155 481 1
155 483 1
155 501 9
155 515 8
155 520 1
155 526 3
155 543 4
155 549 2
155 555 3
155 564 1
155 568 2
155 572 13
155 579 31
155 581 1
155 584 7
155 593 15
155 617 2
155 618 29
155 621 7
155 632 1
155 645 4
156 156 2
157 15 1
157 117 1
157 120 1
157 157 159
157 192 1
157 231 1
157 240 1
157 280 2
157 310 1
157 341 1
157 356 1
157 409 5
157 436 2
157 480 2
157 564 1
157 586 1
157 645 1
158 158 13
159 159 34
160 160 3
161 6 6
161 7 2
161 8 1
161 9 6
161 12 3
161 16 3
161 20 2
161 21 14
161 22 1
161 25 1
161 28 1
161 68 4
161 132 1
161 155 4
161 161 493
161 190 1
161 310 4
161 393 3
161 409 1
161 485 4
161 584 1
161 618 4
161 636 1
162 8 1
162 16 1
162 18 1
162 21 2
162 24 1
162 60 2
162 62 1
162 70 10
162 72 4
162 78 1
162 88 1
162 115 1
162 127 12
162 142 1
162 147 4
162 155 5
162 162 255
162 171 1
162 174 1
162 181 4
162 190 2
162 196 2
162 214 1
162 216 1
162 234 1
162 240 2
162 260 7
162 277 12
162 310 2
162 333 20
162 344 6
162 376 3
162 409 2
162 416 1
162 420 9
162 436 2
162 444 7
162 446 3
162 453 3
162 463 1
162 467 3
162 475 1
162 479 1
162 480 1
162 485 1
162 497 2
162 512 1
162 515 2
162 518 4
162 524 2
162 541 1
162 543 15
162 546 1
162 549 1
162 555 2
162 558 1
162 564 2
162 570 2
162 577 2
162 579 1
162 581 1
162 617 12
162 618 46
162 624 1
162 645 5
163 24 1
163 78 2
163 142 1
163 163 125
163 274 1
163 334 1
163 570 4
163 618 2
164 164 11
165 165 1
169 169 1
171 171 43
171 198 1
172 172 1
173 173 3
174 4 6
174 21 1
174 174 52
174 199 1
174 310 1
174 481 1
174 497 1
174 568 1
174 586 2
175 175 3
176 176 25
176 458 1
178 29 2
178 125 2
178 178 561
178 222 1
178 508 3
179 179 11
180 180 34
181 70 1
181 162 1
181 181 11
181 260 1
181 277 1
181 617 1
183 14 1
183 68 13
183 121 603
183 182 37
183 183 811
183 191 6
183 298 1
183 467 1
183 478 2
183 508 3
183 575 1
183 618 1
184 184 13
184 216 4
184 231 1
184 515 3
185 185 1
187 187 2
188 188 2
189 189 6
189 467 2
190 4 113
190 6 4
190 7 1
190 8 176
190 9 393
190 10 186
190 13 3
190 16 9
190 18 281
190 19 1
190 20 10
190 21 16
190 22 18
190 29 20
190 35 1
190 45 1
190 68 8
190 98 17
190 117 1
190 125 3
190 132 1
190 142 2
190 147 34
190 151 1
190 152 1
190 155 3
190 161 106
190 190 808
190 191 1
190 192 1
190 199 71
190 204 5
190 212 2
190 214 4
190 215 1
190 222 1
190 243 1
190 279 1
190 292 6
190 310 31
190 314 1
190 326 1
190 329 9
190 381 4
190 392 19
190 393 25
190 396 2
190 405 1
190 409 1
190 464 1
190 485 9
190 497 79
190 518 9
190 527 2
190 543 1
190 544 3
190 555 28
190 558 1
190 568 71
190 578 3
190 584 22
190 586 7
190 589 1
190 618 2
190 621 80
190 626 1
190 645 1
191 68 1
191 147 1
191 183 2
191 191 393
191 467 1
191 592 1
192 15 2
192 24 1
192 30 1
192 35 16
192 71 2
192 120 1
192 184 2
192 190 1
192 192 205
192 280 1
192 281 1
192 360 2
192 409 1
192 453 1
192 515 2
192 618 1
194 194 61
194 564 1
194 645 2
195 195 14
196 23 2
196 112 1
196 128 31
196 196 245
196 268 1
196 427 1
196 618 3
197 197 23
199 4 120
199 16 21
199 20 2
199 21 24
199 29 11
199 68 1
199 71 8
199 125 1
199 132 1
199 147 5
199 155 1
199 161 2
199 163 1
199 190 1
199 199 237
199 214 10
199 243 1
199 269 1
199 310 8
199 344 1
199 392 3
199 393 1
199 485 3
199 497 87
199 512 1
199 568 26
199 586 20
199 641 1
200 200 1
201 64 7
201 148 4
201 175 5
201 201 243
201 297 16
201 456 8
201 506 19
201 566 1
202 202 98
202 450 3
203 121 2
203 198 1
203 203 24
203 351 1
204 6 3
204 7 154
204 8 3
204 9 20
204 13 2
204 16 4
204 21 13
204 42 1
204 147 19
204 161 4
204 190 1
204 204 74
204 310 1
204 314 1
204 329 24
204 392 8
204 393 65
204 485 12
204 567 1
205 205 3
206 206 2
206 618 1
207 75 2
207 117 1
207 119 1
207 207 106
208 208 1
209 209 1
210 210 24
211 15 1
211 211 289
211 216 1
211 243 1
211 257 1
211 446 5
212 142 2
212 190 5
212 212 72
213 213 11
214 4 39
214 16 1
214 18 1
214 19 1
214 21 2
214 29 3
214 71 1
214 94 4
214 105 1
214 117 1
214 125 1
214 132 1
214 147 7
214 161 1
214 199 6
214 214 274
214 285 1
214 310 4
214 393 1
214 402 1
214 450 1
214 497 10
214 544 1
214 568 1
215 215 1
215 409 5
216 216 19
217 31 5
218 218 2
218 269 2
219 219 1
220 124 1
220 220 12
220 300 1
221 221 5
222 109 3
222 136 7
222 186 8
222 198 1
222 222 320
222 508 2
222 543 1
222 581 11
222 629 4
223 142 4
223 155 2
223 223 23
223 606 6
224 224 1
226 211 5
226 225 7
226 226 559
226 257 1
226 446 108
226 608 2
227 227 2
229 111 13
229 117 1
229 119 1
229 229 70
229 261 6
229 327 1
229 454 1
229 501 8
231 15 4
231 35 5
231 71 6
231 120 343
231 132 1
231 155 1
231 157 4
231 192 12
231 231 27
231 280 5
231 337 2
231 341 9
231 360 1
231 409 15
231 480 1
231 584 1
231 645 1
232 232 11
233 233 1
234 78 1
234 179 1
234 234 461
234 254 4
234 420 1
234 422 5
234 423 1
234 584 4
234 617 3
235 100 54
235 198 1
235 235 20
235 416 1
236 111 1
236 210 1
236 228 329
236 351 2
236 441 24
236 615 1
236 617 1
237 237 54
237 443 1
238 238 39
239 239 134
239 251 5
239 268 1
239 276 15
239 285 1
239 290 9
239 411 28
240 4 1
240 18 1
240 20 1
240 22 1
240 55 4
240 72 1
240 112 2
240 147 1
240 162 3
240 174 1
240 176 1
240 181 1
240 198 1
240 240 1056
240 251 2
240 260 2
240 269 4
240 304 1
240 376 1
240 392 1
240 432 1
240 444 2
240 455 1
240 564 1
240 584 1
240 617 1
240 618 9
240 645 6
241 241 138
241 411 2
242 242 6
243 243 5
244 244 15
246 246 10
247 247 7
248 248 182
248 310 1
248 549 4
248 568 2
248 579 11
249 249 4
250 250 13
251 72 3
251 142 3
251 234 1
251 239 1
251 240 1
251 251 101
251 256 3
251 264 1
251 276 1
251 285 1
251 290 4
251 422 1
251 467 1
251 470 3
252 252 9
252 275 3
253 253 59
253 595 8
254 234 2
254 254 43
255 101 1
255 105 1
255 255 20
256 92 1
256 128 1
256 196 1
256 220 1
256 251 4
256 256 48
256 381 1
256 524 2
257 198 1
257 211 1
257 225 6
257 226 1
257 257 527
257 409 1
257 446 6
257 543 1
257 618 1
258 101 13
258 102 2
258 105 6
258 258 95
258 259 2
258 286 2
258 332 1
258 363 1
258 367 1
258 505 6
259 101 12
259 105 2
259 255 1
259 258 112
259 259 97
259 545 1
260 127 1
260 260 80
260 376 1
260 420 1
260 444 3
260 617 1
261 111 1
261 117 1
261 229 1
261 261 68
261 501 4
262 262 29
262 563 8
262 634 4
264 86 1
264 139 1
264 162 1
264 210 2
264 241 1
264 256 1
264 263 113
264 264 110
264 275 1
264 334 1
264 411 1
264 470 2
264 555 1
264 617 1
265 22 1
265 47 2
265 190 1
265 225 1
265 245 1
265 265 70
265 423 1
265 474 1
265 555 1
265 558 2
265 563 1
265 619 1
266 3 3
266 56 1
266 146 5
266 266 20
266 323 5
266 585 3
267 267 3
268 268 48
269 4 1
269 22 1
269 68 11
269 112 2
269 214 1
269 269 649
269 285 7
269 310 6
269 373 1
269 470 8
269 568 6
269 579 4
269 584 1
269 618 2
269 645 28
270 270 2
271 271 5
272 272 9
274 11 1
274 24 1
274 163 3
274 192 1
274 274 377
274 315 1
274 334 1
274 612 1
275 162 1
275 252 1
275 264 4
275 275 71
275 354 1
275 470 1
275 618 1
276 239 5
276 276 113
276 411 9
277 147 1
277 162 1
277 277 7
277 376 1
277 420 1
277 543 4
277 626 1
278 21 1
278 22 5
278 29 1
278 60 1
278 68 1
278 147 3
278 278 241
278 310 1
278 392 6
278 401 1
278 558 4
278 571 1
279 279 5
281 281 5
282 282 2
283 31 15
285 285 9
288 142 2
288 155 2
288 288 68
288 454 1
290 239 5
290 251 8
290 276 4
290 290 134
290 411 1
292 292 77
292 393 1
292 578 5
292 621 42
293 101 17
293 102 1
293 105 74
293 255 1
293 258 41
293 259 49
293 293 4
293 327 1
293 363 9
293 364 3
293 505 62
293 632 2
294 320 1
294 340 1
296 296 5
297 201 3
297 297 12
297 456 1
297 506 1
298 189 1
298 298 41
298 467 1
298 494 1
299 299 4
300 300 13
300 427 1
300 441 1
301 301 4
302 287 1
303 303 14
304 304 1
306 306 2
307 307 4
309 309 16
310 4 34
310 6 14
310 8 9
310 9 12
310 12 4
310 13 69
310 15 2
310 16 15
310 18 3
310 20 21
310 21 30
310 22 16
310 26 4
310 29 46
310 43 2
310 61 1
310 68 58
310 72 1
310 94 1
310 95 2
310 111 1
310 142 1
310 145 1
310 147 17
310 155 10
310 161 4
310 162 3
310 167 2
310 171 1
310 182 1
310 190 8
310 198 2
310 199 9
310 204 2
310 214 1
310 215 1
310 222 2
310 232 1
310 240 2
310 269 7
310 277 1
310 279 1
310 280 1
310 285 9
310 304 1
310 310 2203
310 314 1
310 329 3
310 381 2
310 392 8
310 393 8
310 401 2
310 405 1
310 407 1
310 409 1
310 411 1
310 420 2
310 427 1
310 453 1
310 455 1
310 467 4
310 470 7
310 477 1
310 485 13
310 497 20
310 539 4
310 543 1
310 544 1
310 549 9
310 555 2
310 564 1
310 568 61
310 571 3
310 579 11
310 584 32
310 586 2
310 617 3
310 618 10
310 645 1
312 312 9
312 451 2
313 313 5
313 600 3
314 314 3
315 315 62
316 316 12
317 317 84
318 318 118
318 325 3
318 410 1
318 597 1
319 319 3
321 321 6
323 266 2
323 323 2
324 324 10
325 325 14
325 597 1
328 328 1
329 7 14
329 8 1
329 9 4
329 13 3
329 20 1
329 21 9
329 22 4
329 28 1
329 147 23
329 161 1
329 190 27
329 204 6
329 232 1
329 310 5
329 329 99
329 392 2
329 393 17
329 454 1
329 485 3
329 567 1
329 618 1
330 111 1
330 117 12
330 119 10
330 141 2
330 142 1
330 155 6
330 256 1
330 327 25
330 330 5
330 331 580
330 402 3
330 414 1
330 441 2
330 450 2
330 476 1
330 483 12
330 554 7
333 70 2
333 102 1
333 147 1
333 155 1
333 162 3
333 181 1
333 190 1
333 196 1
333 260 1
333 277 1
333 333 265
333 347 1
333 436 1
333 480 1
333 543 9
333 564 1
333 618 3
334 11 1
334 24 1
334 30 1
334 78 1
334 150 1
334 163 1
334 274 3
334 334 120
334 560 1
334 570 1
335 71 3
335 117 1
335 119 6
335 155 13
335 335 197
335 409 1
335 454 5
335 501 1
336 31 12
338 338 2
339 63 1
342 342 4
343 343 1
344 12 2
344 71 1
344 132 1
344 155 5
344 162 19
344 344 204
344 470 11
344 497 2
347 16 1
347 75 4
347 105 1
347 117 37
347 119 1
347 155 3
347 229 3
347 292 4
347 327 2
347 331 3
347 347 459
347 402 1
347 454 2
347 476 4
347 497 1
347 501 2
347 596 3
348 349 1
350 350 1
351 121 3
351 351 46
351 426 1
351 628 1
352 352 10
354 63 7
354 354 70
355 355 4
355 467 1
356 235 1
356 356 20
357 357 3
358 4 1
358 86 1
358 98 1
358 173 1
358 199 2
358 358 24
358 398 1
358 473 1
358 497 2
358 548 3
358 555 1
358 568 2
358 586 2
358 624 1
359 325 2
359 359 133
360 15 1
360 122 5
360 192 1
360 315 2
360 360 388
360 389 1
360 446 1
360 608 1
360 618 1
361 361 6
362 362 81
362 416 2
363 94 1
363 101 4
363 105 7
363 132 1
363 255 7
363 286 1
363 363 322
363 364 2
363 378 32
363 505 7
363 545 1
363 630 1
363 632 10
363 635 1
364 101 1
364 105 21
364 155 1
364 255 33
364 364 242
364 367 24
364 499 10
364 505 1
364 545 1
366 366 7
367 132 1
367 364 2
367 367 29
367 545 1
368 50 4
368 368 4
368 534 3
369 91 12
369 369 1
370 370 18
371 371 13
371 427 1
372 85 1
372 154 1
372 333 1
372 372 44
372 409 2
372 618 1
374 374 2
375 375 1
377 341 2
377 377 1
377 409 1
378 105 2
378 363 12
378 378 1555
378 622 2
378 626 1
378 630 14
378 632 3
378 635 1
378 642 13
379 379 2
380 380 1
381 381 65
382 382 1
382 402 129
383 383 1
384 384 1
385 183 2
385 191 6
385 298 1
385 385 19
385 462 1
385 478 1
385 508 1
386 131 1
386 386 49
387 54 1
387 147 1
387 387 1
389 71 2
389 389 141
389 416 1
389 443 1
389 515 1
390 390 1
392 4 15
392 8 1
392 9 13
392 16 6
392 18 1
392 19 4
392 20 7
392 21 14
392 22 20
392 29 7
392 60 2
392 68 1
392 95 1
392 147 243
392 155 4
392 171 1
392 190 18
392 199 4
392 204 6
392 214 2
392 222 2
392 268 2
392 272 1
392 278 4
392 307 1
392 310 8
392 329 1
392 331 1
392 381 1
392 392 2902
392 393 149
392 401 2
392 405 1
392 452 1
392 470 1
392 478 2
392 485 12
392 497 7
392 512 2
392 529 1
392 539 4
392 544 1
392 555 1
392 558 2
392 568 11
392 579 1
392 584 3
392 586 1
392 618 2
392 645 1
394 394 5
395 395 16
396 396 11
397 36 1
397 61 1
397 365 1
397 397 24
398 22 1
398 43 1
398 112 7
398 142 1
398 194 2
398 253 1
398 256 1
398 263 1
398 269 1
398 274 1
398 275 1
398 398 467
398 423 1
398 470 1
398 519 1
398 561 1
399 399 1
400 400 3
401 401 165
403 403 2
404 404 2
405 22 6
405 68 1
405 126 1
405 392 2
405 405 71
405 485 18
405 621 1
407 407 1
408 408 2
410 318 3
410 410 144
410 597 1
411 411 17
412 43 1
412 354 1
412 381 1
412 412 12
413 106 26
413 195 5
413 413 52
413 520 4
414 82 1
414 334 1
414 414 159
415 415 2
419 419 17
420 70 1
420 260 2
420 277 1
420 420 50
420 617 1
421 421 3
422 234 4
422 422 55
423 50 1
423 86 3
423 122 1
423 152 1
423 220 1
423 234 1
423 313 9
423 400 1
423 423 117
423 527 1
423 534 1
423 555 1
423 618 2
425 71 3
425 77 2
425 162 1
425 235 1
425 386 1
425 416 86
425 425 23
425 453 1
425 503 1
425 586 1
427 4 1
427 87 1
427 121 1
427 155 14
427 222 1
427 240 1
427 256 3
427 260 4
427 266 1
427 269 1
427 300 1
427 331 1
427 371 4
427 398 1
427 427 288
427 444 13
427 467 2
427 515 2
427 555 1
427 581 1
427 617 2
427 618 3
427 632 2
427 635 1
427 643 2
428 193 2
428 406 28
428 620 13
429 60 1
429 365 50
429 397 1
430 192 2
430 248 1
430 274 1
430 430 129
430 570 1
431 81 1
431 431 37
432 36 11
432 61 3
432 83 3
432 397 4
432 432 132
434 434 5
435 64 1
435 135 1
435 155 1
435 435 5
436 436 93
436 564 7
437 142 10
437 155 2
437 288 5
437 437 2
441 117 9
441 155 2
441 228 4
441 438 1
441 441 47
441 450 1
442 442 12
442 476 1
443 443 3
444 112 3
444 142 1
444 162 1
444 167 1
444 190 1
444 277 1
444 300 1
444 333 1
444 444 143
444 564 1
444 617 1
444 618 1
444 619 1
444 645 1
445 445 1
447 447 1
448 448 1
449 449 4
450 22 1
450 102 2
450 103 113
450 117 3
450 119 1
450 141 3
450 155 27
450 202 3
450 263 1
450 332 174
450 402 5
450 442 53
450 450 1735
450 454 1
450 476 214
450 501 1
450 554 4
450 593 198
452 452 4
453 11 1
453 15 6
453 24 1
453 25 1
453 68 4
453 71 11
453 78 2
453 95 1
453 120 11
453 122 3
453 142 6
453 154 1
453 155 3
453 157 1
453 162 1
453 163 2
453 198 3
453 216 1
453 269 4
453 280 9
453 310 1
453 315 1
453 333 3
453 337 4
453 341 24
453 372 7
453 377 8
453 402 1
453 409 34
453 427 1
453 436 4
453 446 1
453 453 85
453 467 5
453 480 4
453 504 1
453 512 1
453 515 6
453 543 1
453 564 13
453 569 1
453 579 1
453 618 45
453 623 4
453 632 1
453 641 1
453 645 1
454 19 5
454 20 1
454 22 6
454 107 1
454 111 2
454 117 1
454 119 6
454 142 17
454 155 46
454 190 1
454 228 1
454 229 1
454 240 1
454 241 1
454 261 1
454 285 1
454 288 1
454 331 1
454 335 11
454 347 2
454 357 1
454 402 2
454 409 1
454 419 1
454 454 2334
454 491 1
454 501 2
454 523 1
454 529 2
454 572 4
454 635 1
455 112 1
455 449 2
455 455 15
456 148 10
456 445 4
456 456 242
456 477 3
456 506 4
456 566 3
457 457 1
458 176 6
458 458 28
460 27 3
460 37 4
460 40 1
460 53 3
460 72 3
460 142 1
460 460 36
460 505 1
461 461 1
462 462 4
463 463 71
464 464 2
465 465 4
466 466 16
467 41 6
467 68 1
467 69 17
467 112 8
467 155 1
467 189 14
467 260 1
467 298 22
467 355 14
467 427 1
467 453 3
467 467 323
467 494 20
467 512 1
467 515 1
467 618 4
467 631 1
468 468 2
470 4 2
470 8 1
470 9 3
470 16 1
470 19 2
470 20 2
470 21 4
470 22 17
470 26 13
470 29 7
470 43 1
470 45 1
470 54 1
470 68 105
470 71 1
470 81 1
470 85 1
470 95 1
470 97 1
470 104 1
470 112 1
470 126 1
470 142 1
470 147 2
470 151 1
470 155 7
470 161 3
470 171 2
470 192 1
470 194 1
470 232 2
470 248 38
470 251 1
470 263 6
470 269 49
470 277 1
470 285 4
470 310 113
470 327 1
470 344 2
470 372 1
470 381 1
470 392 3
470 393 1
470 420 1
470 423 1
470 427 1
470 455 2
470 459 1
470 467 7
470 470 479
470 471 1
470 481 1
470 485 2
470 497 2
470 544 1
470 549 30
470 555 11
470 558 6
470 564 2
470 568 54
470 579 36
470 581 1
470 584 66
470 586 1
470 592 1
470 595 1
470 617 1
470 618 1
470 645 2
471 471 17
472 472 13
473 473 23
474 474 1
475 475 8
475 479 12
475 630 3
476 103 6
476 240 1
476 332 7
476 347 2
476 450 34
476 454 1
476 476 190
477 132 1
477 157 2
477 344 1
477 378 1
477 445 1
477 456 16
477 477 800
477 543 1
477 645 5
481 11 2
481 216 1
481 274 3
481 427 1
481 430 1
481 481 52
481 482 81
481 570 1
481 617 2
481 645 3
482 482 2
483 331 1
483 483 21
484 484 1
485 6 10
485 9 24
485 13 1
485 20 4
485 21 16
485 22 480
485 97 1
485 113 1
485 126 1
485 132 1
485 147 47
485 161 5
485 171 1
485 190 10
485 204 24
485 288 1
485 310 12
485 329 4
485 344 1
485 392 5
485 393 38
485 405 56
485 452 1
485 485 1207
485 558 1
485 578 9
486 486 14
488 488 10
489 489 7
490 490 2
492 492 1
494 494 5
495 495 6
496 190 1
496 391 3
496 394 3
496 475 58
496 496 19
496 550 1
497 4 268
497 9 6
497 16 34
497 19 4
497 20 8
497 21 49
497 22 1
497 29 24
497 45 1
497 54 1
497 67 1
497 68 54
497 71 3
497 75 1
497 85 1
497 95 1
497 104 5
497 112 3
497 139 1
497 142 1
497 145 2
497 147 25
497 155 3
497 161 2
497 171 1
497 174 1
497 190 2
497 199 211
497 214 17
497 240 1
497 243 2
497 251 1
497 256 1
497 265 3
497 285 1
497 310 49
497 331 1
497 381 1
497 392 9
497 393 5
497 396 1
497 411 1
497 454 1
497 470 1
497 478 1
497 497 2225
497 512 3
497 539 2
497 544 1
497 555 2
497 568 44
497 571 1
497 577 1
497 584 3
497 585 1
497 586 16
497 587 1
497 617 2
497 621 1
497 641 10
497 645 3
498 498 2
499 101 3
499 367 1
499 499 2
499 545 1
500 500 3
501 111 221
501 155 20
501 229 172
501 261 165
501 331 1
501 441 12
501 454 1
501 501 769
501 528 1
502 502 3
503 503 4
504 504 14
504 594 3
504 607 1
505 105 54
505 240 1
505 255 1
505 258 5
505 259 1
505 363 9
505 364 26
505 505 32
505 545 2
506 175 5
506 201 6
506 297 5
506 506 92
506 566 1
507 507 16
508 29 1
508 178 3
508 186 1
508 190 1
508 222 2
508 478 1
508 508 372
509 509 1
510 510 8
511 511 5
512 4 14
512 9 2
512 15 1
512 20 1
512 21 1
512 22 6
512 68 3
512 95 1
512 104 1
512 112 1
512 119 1
512 147 8
512 155 1
512 190 1
512 191 1
512 192 1
512 199 46
512 269 1
512 285 2
512 310 4
512 347 1
512 392 4
512 393 1
512 423 1
512 427 1
512 467 1
512 470 1
512 475 1
512 478 1
512 486 1
512 497 25
512 512 1158
512 519 1
512 549 7
512 555 1
512 558 1
512 561 1
512 563 1
512 568 6
512 586 3
512 617 3
512 645 4
513 513 2
514 514 1
515 70 1
515 71 11
515 78 1
515 120 1
515 155 1
515 163 1
515 192 1
515 198 1
515 357 1
515 409 6
515 436 2
515 480 1
515 515 309
515 549 1
515 618 4
517 517 6
518 10 96
518 20 2
518 162 2
518 167 7
518 269 1
518 467 2
518 481 1
518 512 1
518 518 150
518 544 8
518 555 86
518 557 8
518 590 1
518 618 2
518 619 1
519 519 82
520 520 1
521 155 1
521 521 80
522 522 6
522 526 1
523 75 1
523 117 2
523 119 11
523 261 1
523 347 1
523 523 44
524 92 5
524 138 1
524 220 1
524 256 2
524 285 1
524 427 1
524 524 152
524 645 1
525 525 4
526 180 3
526 522 10
526 526 182
527 10 2
527 518 1
527 527 14
527 544 2
527 555 10
528 528 11
529 19 6
529 147 1
529 331 1
529 529 42
530 530 26
531 531 3
532 190 1
532 532 15
533 533 2
534 50 11
534 368 1
534 534 23
534 555 2
536 536 5
537 537 4
538 192 1
538 216 1
538 235 1
538 515 1
538 538 22
539 29 11
539 147 3
539 214 2
539 310 6
539 392 1
539 539 90
541 241 8
541 264 1
541 411 2
541 541 2
542 542 1
543 70 7
543 162 1
543 181 1
543 277 4
543 333 1
543 543 18
543 617 1
543 618 9
544 83 2
544 167 2
544 518 4
544 527 2
544 544 70
544 555 13
545 101 20
545 102 1
545 132 1
545 255 1
545 499 7
545 545 90
547 547 13
548 548 1
549 22 1
549 26 1
549 43 1
549 67 1
549 194 1
549 256 2
549 285 1
549 310 1
549 427 1
549 470 1
549 475 1
549 486 1
549 511 1
549 512 22
549 528 1
549 549 751
549 568 1
549 624 1
549 645 6
551 551 1
552 552 1
553 553 3
554 117 1
554 119 1
554 155 1
554 331 4
554 392 1
554 450 4
554 483 63
554 554 40
555 4 3
555 10 147
555 15 2
555 22 2
555 29 1
555 43 2
555 44 1
555 45 2
555 50 9
555 61 1
555 68 1
555 86 26
555 112 7
555 130 1
555 135 1
555 137 1
555 142 2
555 147 1
555 152 32
555 155 4
555 167 126
555 190 3
555 198 3
555 199 3
555 214 1
555 222 1
555 248 1
555 252 1
555 260 2
555 264 1
555 265 4
555 269 2
555 280 1
555 295 1
555 331 1
555 342 9
555 344 1
555 365 1
555 381 1
555 393 1
555 398 2
555 400 1
555 401 2
555 423 19
555 427 11
555 444 1
555 453 1
555 455 1
555 467 1
555 470 3
555 475 1
555 481 7
555 507 4
555 512 2
555 518 217
555 519 10
555 524 1
555 527 45
555 534 6
555 537 1
555 544 219
555 549 1
555 555 1691
555 557 49
555 564 2
555 568 2
555 579 1
555 587 2
555 590 13
555 605 1
555 617 2
555 618 14
555 624 2
555 632 1
555 645 1
556 556 1
558 558 19
560 22 4
560 147 2
560 278 2
560 392 2
560 558 387
560 560 15
561 360 1
561 446 1
561 561 120
561 623 1
562 562 2
563 78 1
563 262 1
563 559 1
563 563 66
563 634 1
564 78 1
564 122 1
564 170 4
564 231 1
564 356 1
564 436 73
564 564 1115
564 579 3
564 586 2
564 610 1
565 565 5
567 567 8
570 11 4
570 24 4
570 125 1
570 129 1
570 150 2
570 157 1
570 163 13
570 192 2
570 205 1
570 274 5
570 308 1
570 334 2
570 430 5
570 462 1
570 482 2
570 569 6
570 570 778
571 29 3
571 147 2
571 189 1
571 192 1
571 274 2
571 292 1
571 310 1
571 571 77
571 579 1
572 572 6
574 574 4
575 575 1
576 576 12
577 577 4
578 292 2
578 578 5
578 621 1
579 15 13
579 35 1
579 112 1
579 114 1
579 155 9
579 190 1
579 248 24
579 265 1
579 310 2
579 427 1
579 446 1
579 453 2
579 470 2
579 549 1
579 568 1
579 579 687
579 596 1
579 608 1
579 618 1
580 580 1
582 71 1
582 157 1
582 515 5
582 582 28
583 583 1
584 4 2
584 5 1
584 8 1
584 9 11
584 18 1
584 20 1
584 21 6
584 22 6
584 60 1
584 68 54
584 70 1
584 72 1
584 81 3
584 126 1
584 132 1
584 133 1
584 147 3
584 155 4
584 161 2
584 162 1
584 171 1
584 190 1
584 234 4
584 251 1
584 256 1
584 285 14
584 304 1
584 310 44
584 365 2
584 431 2
584 453 1
584 455 1
584 470 2
584 543 3
584 549 2
584 564 1
584 568 5
584 579 1
584 584 1893
584 618 4
584 621 1
584 630 1
584 645 19
585 146 1
585 266 1
585 323 2
585 498 1
585 585 12
585 618 1
586 4 110
586 15 2
586 21 4
586 67 1
586 68 2
586 78 1
586 104 3
586 133 1
586 147 1
586 157 2
586 199 27
586 240 1
586 301 1
586 310 11
586 338 2
586 409 6
586 497 10
586 512 1
586 568 2
586 584 1
586 586 538
586 641 4
586 645 2
587 587 23
588 588 3
589 4 3
589 9 1
589 19 1
589 20 8
589 21 3
589 22 2
589 29 64
589 68 4
589 103 1
589 147 10
589 155 2
589 192 1
589 199 2
589 265 4
589 310 9
589 389 1
589 392 8
589 398 1
589 470 1
589 485 1
589 497 3
589 512 1
589 555 1
589 558 1
589 570 1
589 579 1
589 589 28
589 636 3
589 645 1
590 549 1
590 555 2
590 590 43
591 591 1
592 191 1
592 592 24
593 103 1
593 155 3
593 450 22
593 593 77
594 504 1
594 594 8
595 253 2
595 595 8
596 596 8
598 598 2
599 112 1
599 599 1
600 600 11
602 602 1
603 409 1
603 515 1
603 603 12
604 604 1
605 605 10
606 606 13
607 504 3
607 607 34
607 633 1
608 226 1
608 608 65
608 633 7
609 609 118
610 610 1
611 611 1
612 612 3
613 613 4
614 614 10
617 62 2
617 70 4
617 112 1
617 121 1
617 142 2
617 155 1
617 198 12
617 203 1
617 216 1
617 240 1
617 260 8
617 264 1
617 265 1
617 277 8
617 285 1
617 310 1
617 333 2
617 347 2
617 376 1
617 420 1
617 444 3
617 485 1
617 518 2
617 541 1
617 543 6
617 555 2
617 586 1
617 617 394
617 618 26
617 626 1
618 14 2
618 21 2
618 22 1
618 54 1
618 68 1
618 70 2
618 78 1
618 83 2
618 112 1
618 142 1
618 155 1
618 161 1
618 183 2
618 198 5
618 201 1
618 240 2
618 260 3
618 276 1
618 277 1
618 298 1
618 333 1
618 353 34
618 376 1
618 392 1
618 398 1
618 409 2
618 420 4
618 423 1
618 432 1
618 436 1
618 441 1
618 446 2
618 453 5
618 478 1
618 480 1
618 515 2
618 543 11
618 572 1
618 579 2
618 582 1
618 617 6
618 618 130
618 625 1
618 641 1
618 645 1
619 112 1
619 240 1
619 543 1
619 619 18
622 622 50
622 630 9
622 642 6
623 623 151
624 244 1
624 425 1
624 549 1
624 586 2
624 624 80
624 645 1
625 625 10
627 96 1
627 466 1
627 627 24
628 198 2
628 351 1
628 618 1
628 628 24
629 629 6
630 71 1
630 151 1
630 378 5
630 622 2
630 626 2
630 630 1016
630 632 4
630 642 33
631 540 1
631 631 3
633 122 1
633 439 1
633 594 2
633 608 14
633 633 71
634 634 3
635 363 2
635 378 1
635 626 1
635 630 1
635 632 8
635 635 13
636 20 2
636 636 12
637 637 2
638 638 2
639 639 1
640 640 3
641 4 1
641 199 4
641 310 1
641 420 1
641 497 10
641 586 1
641 641 147
642 378 5
642 477 1
642 622 4
642 626 3
642 630 4
642 632 4
642 642 2130
643 351 1
643 427 1
643 444 1
643 470 1
643 543 1
643 549 1
643 643 9
644 190 1
644 644 83
646 646 1
