1 31 1
2 31 1
3 56 1
3 146 2
3 266 1
3 498 5
4 4 4
4 285 1
5 19 6
6 31 4
7 31 2
8 149 1
8 156 3
9 31 20
10 555 3
11 194 1
12 31 1
13 21 1
13 29 2
13 191 3
13 198 1
13 199 1
13 214 1
13 348 6
13 382 1
13 402 1
13 405 1
13 407 4
13 410 4
13 420 4
13 425 6
13 429 5
13 452 3
13 467 1
13 497 3
13 555 1
13 571 1
13 598 4
13 617 1
13 624 2
13 636 4
14 31 2
15 15 4
15 100 11
15 576 3
16 67 1
16 243 5
16 269 1
16 586 2
16 641 7
17 555 4
18 31 2
19 5 6
19 143 2
19 156 3
20 22 3
21 13 1
21 32 1
22 20 3
22 25 1
23 31 1
24 194 1
24 423 3
24 482 1
25 22 1
26 26 2
26 194 1
27 181 5
27 420 1
27 460 1
28 228 3
29 13 2
29 29 8
29 571 1
30 168 3
30 194 1
30 334 1
30 482 1
30 570 3
31 1 1
31 9 3
31 14 1
31 18 2
31 55 1
31 74 2
31 95 1
31 98 1
31 108 1
31 115 2
31 118 3
31 129 2
31 137 1
31 159 1
31 172 4
31 173 5
31 180 1
31 182 1
31 193 2
31 196 8
31 203 2
31 205 1
31 231 1
31 233 1
31 241 1
31 272 4
31 317 1
31 340 1
31 341 32
31 359 1
31 400 8
31 401 2
31 403 2
31 418 1
31 419 2
31 440 1
31 446 2
31 475 1
31 481 2
31 491 1
31 492 6
31 502 5
31 503 1
31 504 4
31 513 6
31 516 1
31 550 2
31 560 2
31 566 2
31 578 1
31 580 3
31 591 2
31 594 3
31 612 15
31 625 24
31 640 4
31 642 1
32 21 1
33 135 1
33 155 1
34 31 3
35 35 10
35 192 41
35 337 3
35 423 3
36 31 1
37 37 2
37 53 2
37 349 1
37 416 1
37 555 1
38 31 1
39 147 1
39 358 1
39 370 1
39 453 1
39 467 2
39 507 1
39 586 1
40 31 2
41 467 2
42 42 2
42 294 3
42 320 2
42 420 2
43 142 1
43 162 2
43 171 7
43 263 1
43 577 1
44 158 1
45 357 1
45 447 3
45 533 2
46 538 1
47 31 1
48 162 2
48 183 2
48 420 2
48 619 1
49 210 2
50 50 6
50 112 4
50 198 1
50 368 1
50 398 1
50 527 1
50 555 20
51 303 1
52 168 5
53 37 2
53 82 1
53 416 1
53 643 1
54 31 2
55 31 1
56 3 1
57 544 1
58 58 4
58 264 3
58 279 3
58 344 3
58 383 1
59 362 4
60 60 2
60 197 2
60 269 1
60 365 1
60 380 1
60 424 4
60 518 1
60 638 2
61 197 1
61 417 1
61 495 1
61 565 1
61 641 1
62 62 2
62 171 2
62 234 5
62 263 3
62 290 2
62 300 5
62 328 1
62 398 3
62 471 3
63 339 5
64 386 1
64 641 2
65 65 4
65 82 4
66 198 1
67 16 1
67 142 4
67 243 2
67 586 4
68 142 1
69 467 1
69 617 2
70 142 1
70 260 3
71 71 2
71 77 1
71 192 1
71 222 2
71 235 1
71 337 1
71 404 2
71 416 3
71 425 2
71 453 3
71 488 1
71 582 4
71 617 1
72 337 1
72 386 1
72 460 1
72 515 1
73 31 1
74 31 3
75 227 2
76 425 6
77 71 1
78 31 2
79 190 3
80 31 1
81 31 1
82 53 1
82 65 4
82 82 8
82 139 19
82 198 1
82 250 2
82 369 3
82 416 5
82 510 24
82 567 1
82 609 2
83 31 6
84 260 1
84 511 1
85 31 1
86 555 3
86 590 2
87 190 1
88 31 1
89 408 4
90 31 5
91 281 2
91 579 1
92 92 2
92 256 7
93 256 1
94 94 2
94 101 4
94 219 3
94 244 2
94 364 1
94 367 1
95 31 2
96 96 6
96 97 2
97 96 2
98 31 1
99 555 4
100 15 11
101 94 4
101 101 2
101 102 1
101 112 2
101 347 2
101 382 3
101 489 1
101 500 6
101 617 2
101 632 3
102 101 1
102 255 2
102 271 2
102 293 1
102 378 2
102 554 1
103 442 1
103 483 5
104 240 5
104 425 4
104 429 2
105 31 2
106 106 2
106 195 1
106 304 8
106 413 8
106 520 5
107 31 1
108 31 3
109 222 3
110 147 2
111 448 4
112 50 4
112 101 2
112 112 2
112 162 1
112 212 2
112 240 1
112 398 1
112 416 4
112 417 3
112 420 1
112 497 1
112 506 2
112 520 5
112 527 1
112 555 8
112 558 1
112 579 2
112 584 2
112 617 1
113 31 1
114 252 2
115 31 3
116 116 4
116 212 10
117 441 1
118 31 4
119 260 1
119 507 1
120 280 1
121 143 1
121 155 6
121 351 1
121 426 2
121 628 1
122 192 4
122 198 1
122 218 1
122 315 1
122 360 1
122 480 2
122 482 1
122 570 2
122 582 5
123 123 2
124 240 1
125 149 1
125 392 1
126 126 2
126 589 4
127 127 2
127 198 5
127 260 1
127 347 7
127 507 1
127 645 1
128 128 2
129 31 3
130 387 1
130 529 1
131 362 1
131 386 23
131 637 4
132 31 1
133 31 1
134 31 1
135 33 1
135 155 6
136 31 1
137 31 2
138 529 1
139 82 19
139 139 4
139 408 1
139 555 1
139 574 1
140 31 1
141 31 2
142 43 1
142 67 4
142 68 1
142 70 1
142 142 4
142 155 4
142 212 1
142 223 4
142 263 2
142 268 2
142 288 5
142 331 1
142 410 1
142 437 18
142 476 1
142 497 1
142 606 1
143 19 2
143 121 1
143 143 2
143 529 1
144 31 1
145 31 1
146 3 2
147 39 1
147 110 2
147 350 3
147 358 3
147 382 9
147 420 1
147 425 2
147 470 2
147 575 1
147 617 5
148 148 10
148 264 2
148 275 4
149 8 1
149 125 1
150 570 4
151 561 3
152 190 2
152 240 1
152 555 1
153 153 2
154 154 2
154 535 1
155 33 1
155 121 6
155 135 6
155 142 4
155 155 14
155 169 1
155 183 1
155 198 1
155 212 2
155 222 3
155 223 1
155 236 1
155 240 2
155 268 2
155 288 4
155 290 1
155 331 1
155 410 1
155 420 1
155 437 2
155 467 1
155 471 4
155 479 1
155 527 2
155 555 1
155 579 3
155 584 2
155 617 1
156 8 3
156 19 3
157 31 1
158 44 1
159 31 2
160 552 1
161 407 1
162 43 2
162 48 2
162 112 1
162 162 8
162 171 3
162 252 1
162 260 2
162 275 3
162 290 5
162 333 1
162 344 5
162 549 1
162 577 1
162 617 4
163 168 2
163 192 1
163 237 1
163 274 2
163 347 1
163 406 1
163 482 2
163 579 1
164 164 6
165 31 2
166 31 2
167 527 1
167 644 1
168 30 3
168 52 5
168 163 2
168 194 5
168 334 1
168 430 5
168 482 1
169 155 1
169 579 1
170 546 1
171 43 7
171 62 2
171 162 3
171 290 3
171 425 2
172 31 5
173 31 7
174 641 6
175 175 4
175 287 3
175 506 1
176 31 2
177 31 1
178 31 4
179 422 1
179 461 3
180 31 19
181 27 5
181 181 24
181 549 2
181 643 8
182 31 2
183 48 2
183 155 1
183 183 4
183 222 1
183 236 1
183 382 5
183 387 3
183 425 1
183 611 2
184 31 1
185 192 2
185 208 1
185 216 2
185 618 2
185 623 6
186 31 1
187 312 1
187 406 1
188 188 2
188 309 2
188 324 3
188 592 1
188 614 5
188 615 2
189 355 2
189 467 1
190 79 3
190 87 1
190 152 2
190 190 4
190 192 2
190 212 3
190 299 1
190 316 1
190 360 4
190 425 4
190 509 2
190 518 1
190 631 1
191 13 3
191 571 3
192 35 41
192 71 1
192 122 4
192 163 1
192 185 2
192 190 2
192 192 28
192 337 26
192 360 2
192 462 1
192 530 1
192 538 14
192 576 1
192 617 2
192 619 1
192 623 13
193 31 8
194 11 1
194 24 1
194 26 1
194 30 1
194 168 5
194 194 2
194 274 1
194 334 3
194 482 4
195 106 1
195 547 1
196 31 10
197 60 2
197 61 1
198 13 1
198 50 1
198 66 1
198 82 1
198 122 1
198 127 5
198 155 1
198 198 6
198 201 2
198 228 3
198 237 2
198 248 3
198 257 1
198 307 1
198 337 6
198 386 1
198 389 1
198 417 1
198 435 1
198 507 1
198 527 1
199 13 1
200 344 1
201 198 2
201 201 12
201 287 1
201 297 4
201 302 2
201 506 3
201 617 1
202 248 1
202 398 2
202 410 1
202 497 2
202 558 1
202 564 3
203 31 6
204 31 1
205 31 1
206 443 2
206 455 1
206 470 1
206 562 1
207 613 1
208 185 1
209 482 1
210 49 2
210 210 8
210 238 3
210 242 1
210 261 13
210 382 2
210 523 2
211 31 10
212 112 2
212 116 10
212 142 1
212 155 2
212 190 3
213 479 2
214 13 1
215 31 1
216 185 2
217 257 1
218 122 1
219 94 3
220 251 3
220 256 5
220 412 2
221 641 3
222 71 2
222 109 3
222 155 3
222 183 1
222 222 44
222 387 1
222 629 3
223 142 4
223 155 1
223 223 6
223 454 2
224 31 1
225 31 1
226 31 1
227 75 2
228 28 3
228 198 3
229 31 1
230 230 8
230 264 1
230 408 12
231 31 3
232 232 4
232 596 3
233 31 2
234 62 5
234 234 6
235 71 1
235 356 2
235 361 1
235 404 1
235 425 3
235 488 1
236 155 1
236 183 1
236 236 2
236 382 6
236 425 19
237 163 1
237 198 2
237 406 1
238 210 3
239 251 1
239 289 1
240 104 5
240 112 1
240 124 1
240 152 1
240 155 2
240 240 4
240 275 1
240 417 3
240 444 2
240 617 1
241 31 1
242 210 1
243 16 5
243 67 2
243 641 1
244 94 2
245 265 1
246 31 4
247 512 1
248 198 3
248 202 1
248 602 1
249 406 1
250 82 2
250 505 3
250 510 5
251 220 3
251 239 1
251 251 4
251 256 4
252 114 2
252 162 1
253 322 2
254 31 2
255 102 2
256 92 7
256 93 1
256 220 5
256 251 4
256 256 4
256 269 2
256 330 3
256 331 3
256 381 2
256 427 5
256 441 1
256 470 1
257 198 1
257 217 1
257 337 6
257 439 4
257 462 2
257 576 1
258 31 1
259 31 2
260 70 3
260 84 1
260 119 1
260 127 1
260 162 2
260 260 6
260 269 3
260 347 1
260 420 7
260 444 1
260 463 2
260 465 4
260 467 1
260 470 3
260 473 2
260 507 6
260 511 1
260 514 1
260 549 4
260 617 2
260 643 8
261 210 13
261 261 4
262 262 2
263 43 1
263 62 3
263 142 2
263 290 4
264 58 3
264 148 2
264 230 1
264 383 6
264 408 12
264 469 2
265 245 1
266 3 1
266 498 4
267 617 1
268 142 2
268 155 2
269 16 1
269 60 1
269 256 2
269 260 3
269 269 2
269 417 2
269 507 1
269 617 4
270 470 1
270 471 5
270 607 1
271 102 2
272 31 6
273 467 3
273 558 5
274 163 2
274 194 1
274 430 2
274 482 1
274 570 3
275 148 4
275 162 3
275 240 1
275 408 6
276 290 1
277 386 2
278 350 2
279 58 3
279 577 3
280 120 1
280 337 1
280 646 2
281 91 2
281 579 2
282 617 3
283 487 2
284 289 1
285 4 1
286 545 1
287 175 3
287 201 1
288 142 5
288 155 4
288 437 9
288 454 2
289 239 1
289 284 1
289 289 2
290 62 2
290 155 1
290 162 5
290 171 3
290 263 4
290 276 1
290 290 4
290 305 1
290 321 1
290 420 3
290 436 3
290 577 2
291 291 4
291 406 1
291 451 2
291 493 1
292 299 3
293 102 1
294 42 3
294 320 1
295 373 1
295 420 2
296 31 4
297 201 4
297 297 2
297 506 1
298 453 1
298 467 6
299 190 1
299 292 3
299 621 1
300 62 5
300 444 2
301 31 1
302 201 2
302 445 3
303 51 1
304 106 8
304 304 10
304 319 4
304 413 2
304 511 12
304 520 2
304 547 3
305 290 1
306 408 1
307 198 1
307 579 8
308 482 1
309 188 2
309 618 1
310 31 3
311 31 1
312 187 1
312 430 1
313 423 13
314 31 1
315 122 1
315 480 1
316 190 1
317 31 1
318 410 1
319 304 4
320 42 2
320 294 1
321 290 1
322 253 2
323 585 1
324 188 3
324 324 2
324 614 8
325 31 5
326 572 1
327 31 1
328 62 1
329 31 1
330 256 3
330 330 6
330 441 2
331 142 1
331 155 1
331 256 3
331 331 8
331 365 1
331 437 3
331 441 4
331 554 2
332 31 1
333 162 1
334 30 1
334 168 1
334 194 3
334 334 4
334 399 1
334 570 2
335 476 1
336 336 2
337 35 3
337 71 1
337 72 1
337 192 26
337 198 6
337 257 6
337 280 1
337 337 20
337 423 3
337 510 1
337 563 4
337 564 1
338 338 2
338 586 12
339 63 5
339 339 5
339 354 15
340 31 3
341 31 62
342 342 2
342 555 7
343 31 1
344 58 3
344 162 5
344 200 1
344 385 2
345 555 12
346 31 2
347 101 2
347 127 7
347 163 1
347 260 1
347 507 3
348 13 6
348 555 2
349 37 1
349 425 1
350 147 3
350 278 2
351 121 1
351 351 6
351 617 1
352 423 5
353 31 1
354 339 15
354 354 6
354 385 1
355 189 2
355 467 4
356 235 2
356 425 3
357 45 1
358 39 1
358 147 3
358 358 4
358 382 6
358 398 2
358 420 5
358 470 1
358 586 1
358 617 1
358 624 3
358 639 5
359 31 3
360 122 1
360 190 4
360 192 2
361 235 1
362 59 4
362 131 1
362 386 4
363 31 1
364 94 1
364 364 2
365 60 1
365 331 1
365 441 1
366 31 2
367 94 1
368 50 1
368 527 2
368 589 2
369 82 3
369 387 1
370 39 1
370 467 7
371 371 4
371 427 6
372 31 2
373 295 1
373 420 9
374 618 2
375 423 5
376 31 7
377 31 5
378 102 2
379 379 2
379 458 1
380 60 1
381 256 2
382 13 1
382 101 3
382 147 9
382 183 5
382 210 2
382 236 6
382 358 6
382 382 6
382 420 1
382 425 10
382 586 2
382 617 11
383 58 1
383 264 6
384 31 1
385 344 2
385 354 1
386 64 1
386 72 1
386 131 23
386 198 1
386 277 2
386 362 4
386 386 10
386 425 1
386 637 1
386 643 2
387 130 1
387 183 3
387 222 1
387 369 1
387 420 1
387 427 2
387 488 3
387 524 2
387 526 1
387 538 10
388 31 1
389 198 1
389 389 2
390 417 1
391 31 2
392 125 1
393 31 1
394 496 1
395 31 1
396 31 1
397 31 1
398 50 1
398 62 3
398 112 1
398 202 2
398 358 2
398 398 2
398 555 1
398 577 10
398 617 3
399 334 1
400 31 8
401 31 2
402 13 1
402 450 2
402 613 2
403 31 9
404 71 2
404 235 1
405 13 1
406 163 1
406 187 1
406 237 1
406 249 1
406 291 1
406 430 1
406 451 2
407 13 4
407 161 1
408 89 4
408 139 1
408 230 12
408 264 12
408 275 6
408 306 1
408 408 12
408 542 1
409 482 1
409 515 1
410 13 4
410 142 1
410 155 1
410 202 1
410 318 1
410 597 1
411 411 4
412 220 2
413 106 8
413 304 2
413 520 4
413 547 1
414 31 5
415 573 1
416 37 1
416 53 1
416 71 3
416 82 5
416 112 4
416 416 6
416 453 5
416 582 2
416 624 3
417 61 1
417 112 3
417 198 1
417 240 3
417 269 2
417 390 1
417 555 1
417 617 1
418 31 2
419 31 4
420 13 4
420 27 1
420 42 2
420 48 2
420 112 1
420 147 1
420 155 1
420 260 7
420 290 3
420 295 2
420 358 5
420 373 9
420 382 1
420 387 1
420 420 6
420 427 2
420 429 3
420 479 3
420 586 1
420 617 4
420 626 1
421 421 2
422 179 1
422 422 2
423 24 3
423 35 3
423 313 13
423 337 3
423 352 5
423 375 5
423 423 14
423 430 2
423 453 3
423 569 2
423 600 16
423 617 4
424 60 4
425 13 6
425 71 2
425 76 6
425 104 4
425 147 2
425 171 2
425 183 1
425 190 4
425 235 3
425 236 19
425 349 1
425 356 3
425 382 10
425 386 1
425 425 18
425 609 1
425 617 1
425 631 1
426 121 2
426 628 1
427 256 5
427 371 6
427 387 2
427 420 2
428 428 2
429 13 5
429 104 2
429 420 3
429 429 4
429 598 6
430 168 5
430 274 2
430 312 1
430 406 1
430 423 2
431 31 2
432 31 7
433 575 1
434 31 1
435 198 1
435 435 4
435 624 1
436 290 3
436 497 1
436 577 1
436 617 2
437 142 18
437 155 2
437 288 9
437 331 3
437 437 2
438 31 2
439 257 4
440 31 2
441 117 1
441 256 1
441 330 2
441 331 4
441 365 1
442 103 1
443 206 2
444 240 2
444 260 1
444 300 2
444 444 2
445 302 3
446 31 3
447 45 3
447 447 2
448 111 4
449 31 2
450 402 2
451 291 2
451 406 2
452 13 3
452 558 2
453 39 1
453 71 3
453 298 1
453 416 5
453 423 3
453 467 3
453 564 2
453 582 1
454 223 2
454 288 2
454 517 1
455 206 1
456 31 6
457 31 2
458 379 1
459 31 1
460 27 1
460 72 1
460 460 4
461 179 3
462 192 1
462 257 2
463 260 2
463 549 6
464 31 1
465 260 4
465 639 1
466 466 4
467 13 1
467 39 2
467 41 2
467 69 1
467 155 1
467 189 1
467 260 1
467 273 3
467 298 6
467 355 4
467 370 7
467 453 3
467 467 6
467 494 1
467 497 1
467 558 1
467 617 2
467 624 1
468 468 2
469 264 2
470 147 2
470 206 1
470 256 1
470 260 3
470 270 1
470 358 1
470 507 1
470 579 1
470 617 10
471 62 3
471 155 4
471 270 5
472 31 1
473 260 2
474 31 1
475 31 2
476 142 1
476 335 1
477 31 1
478 555 1
479 155 1
479 213 2
479 420 3
479 617 4
480 122 2
480 315 1
480 480 10
481 31 3
482 24 1
482 30 1
482 122 1
482 163 2
482 168 1
482 194 4
482 209 1
482 274 1
482 308 1
482 409 1
482 482 4
482 515 3
482 556 1
482 582 2
483 103 5
484 31 2
485 31 1
486 31 1
487 283 2
488 71 1
488 235 1
488 387 3
489 101 1
490 31 2
491 31 1
492 31 6
493 291 1
494 467 1
495 61 1
496 394 1
496 617 3
497 13 3
497 112 1
497 142 1
497 202 2
497 436 1
497 467 1
497 532 2
497 555 2
497 558 3
497 635 3
498 3 5
498 266 4
498 585 3
499 31 1
500 101 6
501 521 1
501 525 1
502 31 6
503 31 2
504 31 5
505 250 3
505 505 6
506 112 2
506 175 1
506 201 3
506 297 1
507 39 1
507 119 1
507 127 1
507 198 1
507 260 6
507 269 1
507 347 3
507 470 1
507 507 2
507 544 2
507 555 5
508 581 1
509 190 2
510 82 24
510 250 5
510 337 1
510 510 2
511 84 1
511 260 1
511 304 12
512 247 1
513 31 16
514 260 1
514 643 4
515 72 1
515 409 1
515 482 3
515 570 10
516 31 2
517 454 1
518 60 1
518 190 1
518 555 1
519 519 2
519 534 1
520 106 5
520 112 5
520 304 2
520 413 4
520 547 4
521 501 1
522 31 1
523 210 2
524 387 2
525 501 1
526 387 1
527 50 1
527 112 1
527 155 2
527 167 1
527 198 1
527 368 2
527 527 6
527 555 6
527 589 1
527 644 1
528 31 1
529 130 1
529 138 1
529 143 1
530 192 1
530 555 2
531 31 2
532 497 2
533 45 2
534 519 1
535 154 1
536 31 1
537 31 1
538 46 1
538 192 14
538 387 10
539 539 2
540 31 1
541 31 1
542 408 1
543 617 4
544 57 1
544 507 2
544 555 1
545 286 1
546 170 1
547 195 1
547 304 3
547 413 1
547 520 4
548 31 1
549 162 1
549 181 2
549 260 4
549 463 6
549 549 10
549 643 4
550 31 3
551 31 1
552 160 1
553 31 1
554 102 1
554 331 2
555 10 3
555 13 1
555 17 4
555 37 1
555 50 20
555 86 3
555 99 4
555 112 8
555 139 1
555 152 1
555 155 1
555 342 7
555 345 12
555 348 2
555 398 1
555 417 1
555 478 1
555 497 2
555 507 5
555 518 1
555 527 6
555 530 2
555 544 1
555 555 6
555 590 6
555 617 1
556 482 1
557 31 1
558 112 1
558 202 1
558 273 5
558 452 2
558 467 1
558 497 3
558 558 6
558 584 2
559 31 3
560 31 2
561 151 3
562 206 1
562 562 2
563 337 4
563 563 8
563 608 3
563 617 4
563 634 1
564 202 3
564 337 1
564 453 2
565 61 1
566 31 3
567 82 1
568 31 2
569 423 2
570 30 3
570 122 2
570 150 4
570 274 3
570 334 2
570 515 10
571 13 1
571 29 1
571 191 3
571 577 3
571 617 1
572 326 1
573 415 1
573 573 2
574 139 1
575 147 1
575 433 1
576 15 3
576 192 1
576 257 1
577 43 1
577 162 1
577 279 3
577 290 2
577 398 10
577 436 1
577 571 3
577 577 24
577 617 1
578 31 5
579 91 1
579 112 2
579 155 3
579 163 1
579 169 1
579 281 2
579 307 8
579 470 1
579 624 1
580 31 3
581 508 1
581 581 2
582 71 4
582 122 5
582 416 2
582 453 1
582 482 2
583 31 1
584 112 2
584 155 2
584 558 2
585 323 1
585 498 3
586 16 2
586 39 1
586 67 4
586 338 12
586 358 1
586 382 2
586 420 1
586 586 2
586 641 4
587 617 1
588 31 2
589 126 4
589 368 2
589 527 1
589 589 2
590 86 2
590 555 6
591 31 2
592 188 1
593 31 2
594 31 4
595 31 1
596 232 3
597 410 1
598 13 5
598 429 6
599 31 1
600 423 16
601 31 1
602 248 1
602 624 3
603 617 3
604 31 5
605 31 1
606 142 1
607 270 1
608 563 3
609 82 2
609 425 1
610 31 3
611 183 2
612 31 19
613 207 1
613 402 2
614 188 5
614 324 8
614 614 2
615 188 2
616 31 1
617 13 1
617 69 2
617 71 1
617 101 2
617 112 1
617 147 5
617 155 1
617 162 4
617 192 2
617 201 1
617 240 1
617 260 2
617 267 1
617 269 4
617 282 3
617 351 1
617 358 1
617 382 11
617 398 3
617 417 1
617 420 4
617 423 4
617 425 1
617 436 2
617 467 2
617 470 10
617 479 4
617 496 3
617 543 4
617 555 1
617 563 4
617 571 1
617 577 1
617 587 1
617 603 3
617 617 28
617 626 7
617 641 4
618 185 2
618 309 1
618 374 2
619 48 1
619 192 1
620 31 2
621 299 1
621 621 2
622 630 1
623 185 6
623 192 13
624 13 2
624 358 3
624 416 3
624 435 1
624 467 1
624 579 1
624 602 3
625 31 29
626 420 1
626 617 7
627 31 3
628 121 1
628 426 1
628 628 2
629 222 3
630 622 1
631 190 1
631 425 1
632 101 3
633 31 1
634 563 1
635 497 3
636 13 4
637 131 4
637 386 1
638 60 2
638 638 2
639 358 5
639 465 1
640 31 6
641 16 7
641 61 1
641 64 2
641 174 6
641 221 3
641 243 1
641 586 4
641 617 4
641 641 2
642 31 2
643 53 1
643 181 8
643 260 8
643 386 2
643 514 4
643 549 4
643 643 2
644 167 1
644 527 1
645 127 1
646 280 2
