10 11 9
10 1 1
10 12 95
10 13 66
10 14 7
10 15 311
10 16 264
10 17 13
10 18 10
10 19 159
10 20 7
10 21 83
10 23 3
10 24 95
10 26 42
10 27 56
10 28 2
10 29 4
10 30 23
10 31 65
10 32 24
10 33 23
10 35 32
10 38 86
10 40 68
10 41 46
10 43 62
10 44 17
10 46 72
10 47 2
10 50 14
10 51 40
10 53 4
10 54 25
10 55 2
10 56 1
10 57 72
10 58 20
10 61 56
10 63 26
10 64 70
10 65 16
10 66 15
10 69 46
10 71 14
10 72 4
10 73 5
10 74 38
10 75 4
10 76 3
10 77 78
10 78 52
10 79 3
10 80 1
10 81 1
10 83 80
10 86 378
10 87 2
10 88 4
10 90 14
10 91 5
10 92 24
10 93 1
10 94 20
10 96 15
10 98 85
10 99 12
10 101 2
10 103 50
10 106 16
10 107 2
10 110 57
10 111 13
10 113 73
10 116 4
10 118 29
10 119 70
10 122 8
10 123 2
10 125 70
10 126 24
10 129 12
10 130 14
10 131 37
10 132 43
10 135 12
10 138 12
10 139 21
10 141 3
10 142 16
10 143 174
10 144 57
10 145 4
10 146 33
10 147 3
10 150 9
10 151 1
10 152 13
10 153 23
10 154 28
10 156 1
10 157 17
10 158 102
10 160 13
10 161 62
10 163 3
10 164 2
10 166 7
10 168 2
10 170 144
10 171 211
10 172 2
10 173 55
10 174 131
10 175 3
10 176 13
10 177 1
10 181 508
10 183 38
10 184 7
10 186 33
10 191 1
10 195 4
10 196 147
10 198 9
10 199 68
10 200 253
10 205 1
10 206 6
10 207 7
10 208 11
10 211 1
10 212 2
10 213 6
10 216 80
10 217 99
10 219 68
10 222 1
10 223 15
10 224 81
10 225 137
10 226 1
10 227 46
10 228 3
10 229 6
10 230 7
10 231 5
10 233 7
10 234 1
10 235 5
10 237 411
10 238 36
10 240 1
10 241 1
10 246 61
10 250 43
10 251 362
10 252 831
10 253 8
10 255 7
10 256 7
10 257 41
10 258 50
10 261 25
10 262 4
10 264 2
10 268 10
10 270 2
10 274 6
10 276 1
10 277 3
10 280 17
10 281 19
10 282 35
10 287 1
10 288 32
10 291 39
10 292 14
10 293 54
10 294 25
10 295 18
10 296 12
10 301 30
10 303 4
10 305 3
10 306 49
10 308 9
10 311 23
10 312 5
10 315 1
10 317 5
10 318 118
10 319 8
10 321 25
10 322 23
10 323 29
10 324 6
10 325 2
10 326 145
10 327 228
10 328 2
10 330 229
10 333 64
10 334 67
10 336 1
10 337 5
10 339 8
10 340 5
10 342 2
10 344 2
10 346 1
10 347 64
10 349 5
10 350 24
10 353 15
10 355 71
10 356 4
10 357 28
10 358 6
10 360 16
10 362 5
10 363 1237
10 364 20
10 367 3
10 368 54
10 369 66
10 370 11
10 373 28
10 374 93
10 375 3
10 376 136
10 377 2
10 379 2
10 381 90
10 382 7
10 383 131
10 386 2
10 387 24
10 391 15
10 395 131
10 3 5
10 397 2
10 399 9
10 401 3
10 402 1
10 403 1
10 405 4
10 407 137
10 408 50
10 410 123
10 411 23
10 412 5
10 414 223
10 415 13
10 416 37
10 418 3
10 419 9
10 420 4
10 422 28
10 424 4
10 426 33
10 431 35
10 433 7
10 434 112
10 435 21
10 437 331
10 438 2
10 439 12
10 441 34
10 442 7
10 443 4
10 444 198
10 446 7
10 447 6
10 448 74
10 449 1
10 452 87
10 454 39
10 455 7
10 456 6
10 458 1
10 459 8
10 462 4
10 463 10
10 464 359
10 465 12
10 466 1
10 468 16
10 470 29
10 471 4
10 472 559
10 473 44
10 4 1
10 479 53
10 482 5
10 483 163
10 484 66
10 485 4
10 487 5
10 488 106
10 490 25
10 491 24
10 492 17
10 494 32
10 497 3
10 498 2
10 499 34
10 500 23
10 501 65
10 502 1
10 505 45
10 506 79
10 507 19
10 508 10
10 510 33
10 512 346
10 516 22
10 517 75
10 518 236
10 519 31
10 520 29
10 521 160
10 522 141
10 523 473
10 524 13
10 525 46
10 527 77
10 528 45
10 529 50
10 530 1
10 532 9
10 533 3
10 538 254
10 542 12
10 543 3
10 544 93
10 547 6
10 550 1
10 551 4
10 552 18
10 554 11
10 557 50
10 560 8
10 561 55
10 563 57
10 565 275
10 566 15
10 568 4
10 569 40
10 570 12
10 571 33
10 574 21
10 575 3
10 576 178
10 577 6
10 579 61
10 580 5
10 581 5
10 583 151
10 584 72
10 585 1
10 586 127
10 588 11
10 592 4
10 594 3
10 595 44
10 598 1
10 599 11
10 600 10
10 601 2
10 602 3
10 603 142
10 604 43
10 605 5
10 608 2
10 610 18
10 611 193
10 612 4
10 614 4
10 615 1
10 616 7
10 617 1
10 618 12
10 622 1
10 623 1
10 624 20
10 625 55
10 626 84
10 628 12
10 629 223
10 634 1
10 635 163
10 636 1
10 637 134
10 638 19
10 639 3
10 640 29
10 641 159
10 642 110
10 645 11
10 646 10
10 647 1
10 648 2
10 650 25
10 651 4
10 653 6
10 654 155
10 658 64
10 659 46
10 660 30
10 662 13
10 663 23
10 664 4
10 665 1
10 668 6
10 669 8
10 672 122
10 673 51
10 679 36
10 681 8
10 682 7
10 683 11
10 687 11
10 688 267
10 690 22
10 6 17
10 691 2
10 692 3
10 693 6
10 698 1
10 699 42
10 702 80
10 704 64
10 705 8
10 707 12
10 708 53
10 711 231
10 712 5
10 716 14
10 717 95
10 719 143
10 721 56
10 722 38
10 723 12
10 724 81
10 725 89
10 726 4
10 727 1
10 731 294
10 732 27
10 733 2
10 735 71
10 738 54
10 742 226
10 743 63
10 746 4
10 747 16
10 748 12
10 749 1
10 752 14
10 753 40
10 755 8
10 756 1
10 757 33
10 758 121
10 759 6
10 760 21
10 761 89
10 762 45
10 765 23
10 767 9
10 768 25
10 769 114
10 771 52
10 772 1
10 774 2
10 775 139
10 776 4
10 777 28
10 780 278
10 781 17
10 783 22
10 7 11
10 784 1
10 785 11
10 787 1
10 788 5
10 790 44
10 791 152
10 793 8
10 794 77
10 797 24
10 8 1
10 799 3
10 800 73
10 801 13
10 802 1
10 803 8
10 804 4
10 805 305
10 806 38
10 807 932
10 808 23
10 809 70
10 810 42
10 812 130
10 813 11
10 814 1
10 817 39
10 818 15
10 821 13
10 822 25
10 9 78
10 823 142
10 825 5
10 826 149
10 829 219
10 832 15
10 834 236
10 836 123
10 837 5
10 838 2
10 844 2
10 845 11
10 848 7
10 849 32
10 850 1
10 851 31
10 852 15
10 854 16
10 855 16
10 856 1
10 857 2
10 858 6
10 859 2
10 860 41
10 862 111
11 10 26
1 10 5
12 10 230
13 10 198
14 10 41
15 10 764
16 10 647
17 10 26
18 10 37
19 10 413
20 10 23
21 10 200
22 830 3
23 10 11
24 10 294
25 830 3
26 10 138
27 10 175
28 10 5
29 10 12
30 10 47
31 10 163
32 10 51
33 10 75
34 815 5
35 10 75
36 511 1
37 335 1
37 830 9
38 10 238
39 335 1
39 830 7
40 10 218
41 10 122
42 335 3
43 10 141
44 10 41
45 335 4
45 589 3
45 830 37
46 10 244
47 10 4
48 511 1
48 782 3
48 830 5
49 589 3
49 830 4
50 10 26
51 10 114
52 511 5
52 830 1
53 10 9
54 10 63
55 10 5
56 10 11
57 10 172
58 10 59
59 701 1
59 830 3
60 511 1
61 10 165
62 202 1
62 335 2
62 782 1
62 830 6
63 10 47
64 10 136
65 10 34
66 10 38
67 830 1
68 830 1
69 10 112
70 335 2
70 782 5
70 830 5
71 10 37
72 10 23
73 10 11
74 10 136
75 10 8
76 10 10
77 10 179
78 10 145
79 10 9
80 10 7
81 10 3
82 830 1
83 10 230
84 335 1
85 830 4
86 10 1020
87 10 8
88 10 6
89 578 6
90 10 30
91 10 15
92 10 41
93 10 2
94 10 50
95 578 5
96 10 48
97 830 1
98 10 216
99 10 30
100 335 1
101 10 8
102 830 7
103 10 128
104 589 1
104 830 2
105 830 1
106 10 49
107 10 5
108 830 2
109 587 1
110 10 139
111 10 40
112 830 6
113 10 226
114 254 1
114 578 3
115 10 1
116 10 13
117 338 4
117 830 1
118 10 75
119 10 156
120 830 5
121 589 1
121 830 3
122 10 17
123 10 3
124 830 4
125 10 193
126 10 54
127 589 1
128 10 16
129 10 34
130 10 40
131 10 89
132 10 94
133 10 1
134 335 1
134 445 2
134 830 24
135 10 43
136 830 7
137 10 1
138 10 51
139 10 68
140 830 2
141 10 5
142 10 41
143 10 424
144 10 121
145 10 10
146 10 77
147 10 8
148 167 2
148 589 2
148 713 1
148 736 1
148 830 22
149 830 9
150 10 38
151 10 3
152 10 24
153 10 44
154 10 69
155 10 1
156 10 5
157 10 47
158 10 273
159 10 1
160 10 32
161 10 137
162 589 12
162 782 2
163 10 7
164 10 5
165 10 1
166 10 23
167 148 2
167 589 1
167 830 4
168 10 4
169 511 4
169 830 4
170 10 319
171 10 529
172 10 6
173 10 94
174 10 290
175 10 5
176 10 51
177 10 7
178 830 3
179 202 1
180 335 2
180 830 7
181 10 1327
182 830 2
183 10 102
184 10 16
185 309 1
185 734 1
186 10 79
187 245 1
187 830 14
188 511 1
188 830 4
189 10 3
190 830 5
191 10 2
192 10 1
193 477 1
194 202 4
194 335 3
194 830 13
195 10 12
196 10 337
197 830 8
198 10 35
199 10 174
200 10 651
201 10 1
202 62 1
202 179 1
202 194 4
202 202 52
202 215 3
202 232 1
202 247 1
202 248 1
202 286 2
202 335 1
202 366 1
202 388 1
202 404 2
202 421 4
202 481 2
202 541 1
202 587 3
202 620 1
202 633 59
202 674 2
202 686 1
202 696 4
202 736 17
202 789 4
202 824 5
202 828 2
202 830 8
202 833 2
202 847 1
203 830 3
2 830 5
204 782 1
205 10 5
206 10 17
207 10 34
208 10 33
209 830 7
210 830 2
211 10 3
212 10 4
213 10 13
214 335 1
214 782 2
214 830 2
215 202 3
215 335 2
215 589 7
215 652 2
215 782 10
215 830 34
216 10 190
217 10 202
218 10 1
219 10 183
220 830 6
221 830 1
222 10 3
223 10 42
224 10 206
225 10 325
226 10 4
227 10 107
228 10 6
229 10 20
230 10 33
231 10 11
232 202 1
233 10 35
234 10 14
235 10 27
236 534 1
237 10 919
238 10 107
239 782 1
240 10 2
241 10 2
242 830 3
243 830 1
244 244 2
244 830 2
245 187 1
245 589 2
245 833 1
246 10 179
247 202 1
248 202 1
249 335 1
249 786 1
249 830 31
250 10 126
251 10 934
252 10 2111
253 10 15
254 114 1
254 619 1
254 830 2
255 10 22
256 10 12
257 10 108
258 10 138
259 341 1
259 830 6
260 10 2
261 10 66
262 10 7
263 830 6
264 10 9
265 830 1
266 830 3
267 830 2
268 10 22
269 335 1
269 830 4
270 10 6
271 331 2
271 365 5
271 493 2
271 709 1
272 10 1
273 782 1
273 830 11
274 10 102
275 10 1
276 10 14
277 10 6
278 589 6
278 830 5
279 830 3
280 10 48
281 10 54
282 10 128
283 335 1
283 830 6
284 830 1
285 830 4
286 202 2
287 10 2
288 10 80
289 830 3
290 290 2
291 10 109
292 10 37
293 10 139
294 10 74
295 10 42
296 10 24
297 830 1
298 10 2
299 782 1
299 830 3
300 830 3
301 10 91
302 10 1
303 10 13
304 830 6
305 10 7
306 10 113
307 338 3
307 511 2
307 589 1
307 697 5
307 782 6
307 830 27
308 10 24
309 185 1
310 10 9
311 10 55
312 10 9
313 338 2
314 10 2
315 10 2
316 331 1
317 10 9
318 10 318
319 10 23
320 335 1
320 830 3
321 10 61
322 10 49
323 10 117
324 10 11
325 10 12
326 10 362
327 10 532
328 10 4
329 786 1
329 830 4
330 10 491
331 271 2
331 316 1
331 396 5
331 578 3
331 697 2
331 830 1
332 830 1
333 10 172
334 10 150
335 37 1
335 39 1
335 42 3
335 45 4
335 62 2
335 70 2
335 84 1
335 100 1
335 134 1
335 180 2
335 194 3
335 202 1
335 214 1
335 215 2
335 249 1
335 269 1
335 283 1
335 320 1
335 335 6
335 352 1
335 354 3
335 365 1
335 380 1
335 404 2
335 413 1
335 421 1
335 432 1
335 531 1
335 546 7
335 558 1
335 564 1
335 587 6
335 607 2
335 655 1
335 676 1
335 677 3
335 696 1
335 709 1
335 713 2
335 729 1
335 736 8
335 744 1
335 770 8
335 779 1
335 830 3
335 847 1
336 10 2
337 10 10
338 117 4
338 307 3
338 313 2
338 493 3
338 684 1
338 789 1
338 796 1
338 833 5
339 10 20
340 10 19
341 259 1
341 341 6
342 10 5
343 10 4
344 10 11
345 511 1
346 10 3
347 10 171
348 830 7
349 10 12
350 10 108
351 578 1
352 335 1
352 830 3
353 10 38
354 335 3
354 697 2
354 830 4
355 10 174
356 10 11
357 10 76
358 10 19
359 511 6
360 10 34
361 830 2
362 10 14
363 10 2691
364 10 56
365 271 5
365 335 1
365 396 1
365 578 3
365 830 24
366 202 1
367 10 8
368 10 139
369 10 167
370 10 25
371 830 4
372 578 3
373 10 57
374 10 270
375 10 9
376 10 435
377 10 10
378 511 1
379 10 4
380 335 1
381 10 191
382 10 12
383 10 489
384 469 3
384 782 1
384 830 2
385 830 1
386 10 6
387 10 62
388 202 1
388 830 8
389 830 2
390 815 4
390 830 1
391 10 36
392 830 1
393 830 1
394 10 1
395 10 353
3 10 11
396 331 5
396 365 1
396 396 2
396 398 2
397 10 5
398 396 2
399 10 25
400 815 1
401 10 6
402 10 3
403 10 3
404 202 2
404 335 2
404 830 3
405 10 13
406 830 1
407 10 306
408 10 99
409 589 1
410 10 315
411 10 50
412 10 17
413 335 1
413 830 3
414 10 643
415 10 33
416 10 83
417 830 1
418 10 9
419 10 18
420 10 9
421 202 4
421 335 1
421 589 4
421 652 3
421 782 4
422 10 174
423 10 2
424 10 12
425 830 1
426 10 78
427 10 15
428 511 5
429 830 1
430 830 10
431 10 71
432 335 1
432 830 7
433 10 25
434 10 344
435 10 65
436 830 8
437 10 1093
438 10 5
439 10 38
440 830 3
441 10 90
442 10 24
443 10 9
444 10 515
445 134 2
446 10 16
447 10 20
448 10 195
449 10 6
450 830 1
451 10 1
452 10 250
453 10 1
454 10 88
455 10 13
456 10 9
457 830 7
458 10 2
459 10 22
460 830 1
461 782 4
461 830 1
462 10 12
463 10 32
464 10 881
465 10 31
466 10 4
467 736 1
468 10 43
469 384 3
469 469 8
469 534 2
469 656 6
469 676 2
469 736 32
470 10 97
471 10 10
472 10 1630
473 10 118
474 10 1
4 10 3
475 589 1
475 830 3
476 589 4
477 193 1
478 589 5
478 830 1
479 10 173
480 830 3
481 202 2
481 830 2
482 10 11
483 10 381
484 10 164
485 10 8
486 830 2
487 10 17
488 10 255
489 830 2
490 10 62
491 10 78
492 10 32
493 271 2
493 338 3
494 10 155
495 10 1
496 830 2
497 10 9
498 10 3
499 10 120
500 10 55
501 10 147
502 10 2
503 10 5
504 782 1
505 10 130
506 10 170
507 10 41
508 10 49
509 830 2
510 10 80
511 36 1
511 48 1
511 52 5
511 60 1
511 169 4
511 188 1
511 307 2
511 345 1
511 359 6
511 378 1
511 428 5
511 511 146
511 536 1
511 587 1
511 596 1
511 656 2
511 696 2
511 736 15
511 737 1
511 739 6
511 861 18
512 10 950
513 10 1
514 709 7
515 10 1
516 10 61
517 10 197
518 10 669
519 10 80
520 10 96
521 10 486
522 10 393
523 10 1094
524 10 35
525 10 142
526 10 1
527 10 242
528 10 87
529 10 151
530 10 3
531 335 1
531 830 7
532 10 16
533 10 5
534 236 1
534 469 2
534 534 12
534 589 4
534 736 39
535 830 7
536 511 1
536 736 1
536 782 5
537 830 13
538 10 632
539 782 1
540 830 8
541 202 1
542 10 31
543 10 7
544 10 207
545 830 2
546 335 7
546 830 12
547 10 14
548 10 1
549 578 3
550 10 4
551 10 9
552 10 61
553 830 2
554 10 27
555 830 1
556 10 2
557 10 128
558 335 1
558 578 2
559 830 2
560 10 33
561 10 155
562 10 1
563 10 149
564 335 1
564 830 4
565 10 657
566 10 26
567 830 3
568 10 9
569 10 84
570 10 43
571 10 78
572 830 4
573 10 1
574 10 51
575 10 8
576 10 498
577 10 10
578 89 6
578 95 5
578 114 3
578 331 3
578 351 1
578 365 3
578 372 3
578 549 3
578 558 2
578 578 6
578 619 1
579 10 167
580 10 13
581 10 8
582 10 27
583 10 460
584 10 183
585 10 4
586 10 297
587 109 1
587 202 3
587 335 6
587 511 1
587 589 1
587 633 1
587 830 58
588 10 28
589 45 3
589 49 3
589 104 1
589 121 1
589 127 1
589 148 2
589 162 12
589 167 1
589 215 7
589 245 2
589 278 6
589 307 1
589 409 1
589 421 4
589 475 1
589 476 4
589 478 5
589 534 4
589 587 1
589 589 44
589 607 2
589 609 3
589 619 3
589 671 4
589 676 1
589 736 19
589 751 1
589 830 2
589 833 1
589 847 2
590 830 1
591 830 3
592 10 16
593 10 5
594 10 16
595 10 106
596 511 1
596 782 1
597 830 143
598 10 4
599 10 29
600 10 26
601 10 3
602 10 7
603 10 396
604 10 120
605 10 16
606 830 6
607 335 2
607 589 2
607 830 2
608 10 4
609 589 3
609 830 1
610 10 49
611 10 606
612 10 12
613 10 1
614 10 15
615 10 2
616 10 17
617 10 3
618 10 29
619 254 1
619 578 1
619 589 3
619 619 14
619 782 1
619 830 11
620 202 1
621 10 1
622 10 4
623 10 2
624 10 47
625 10 128
626 10 254
627 10 3
628 10 69
629 10 729
630 830 2
631 10 1
632 830 1
633 202 59
633 587 1
633 633 20
634 10 5
635 10 419
636 10 8
637 10 304
638 10 60
639 10 16
640 10 77
641 10 495
642 10 242
643 830 6
644 830 1
645 10 24
646 10 27
647 10 6
5 10 3
648 10 6
649 10 1
650 10 75
651 10 10
652 215 2
652 421 3
652 736 5
652 782 1
653 10 16
654 10 459
655 335 1
656 469 6
656 511 2
656 782 1
657 830 1
658 10 203
659 10 663
660 10 68
661 830 2
662 10 52
663 10 51
664 10 21
665 10 2
666 10 2
667 830 1
668 10 20
669 10 19
670 830 1
671 589 4
672 10 325
673 10 114
674 202 2
674 830 6
675 830 1
676 335 1
676 469 2
676 589 1
676 782 1
677 335 3
678 830 10
679 10 104
680 10 3
681 10 18
682 10 25
683 10 31
684 338 1
684 830 3
685 830 4
686 202 1
687 10 29
688 10 667
689 830 5
690 10 48
6 10 58
691 10 6
692 10 11
693 10 14
694 830 4
695 10 1
696 202 4
696 335 1
696 511 2
697 307 5
697 331 2
697 354 2
698 10 9
699 10 92
700 830 1
701 59 1
701 830 1
702 10 205
703 10 1
704 10 131
705 10 17
706 10 2
707 10 42
708 10 133
709 271 1
709 335 1
709 514 7
709 830 17
710 830 1
711 10 660
712 10 18
713 148 1
713 335 2
713 830 7
714 830 4
715 830 1
716 10 37
717 10 303
718 10 1
719 10 399
720 815 1
721 10 151
722 10 180
723 10 28
724 10 195
725 10 221
726 10 6
727 10 6
728 830 1
729 335 1
729 830 17
730 10 1
731 10 845
732 10 71
733 10 11
734 185 1
735 10 174
736 148 1
736 202 17
736 335 8
736 467 1
736 469 32
736 511 15
736 534 39
736 536 1
736 589 19
736 652 5
736 736 12
736 744 1
736 782 12
736 830 1
737 511 1
737 830 1
738 10 124
739 511 6
739 830 6
740 830 2
741 830 1
742 10 585
743 10 145
744 335 1
744 736 1
744 782 2
744 830 31
745 10 3
746 10 8
747 10 50
748 10 28
749 10 3
750 10 1
751 589 1
752 10 41
753 10 107
754 10 3
755 10 37
756 10 4
757 10 105
758 10 254
759 10 22
760 10 47
761 10 229
762 10 122
763 830 18
764 10 1
765 10 77
766 830 1
767 10 24
768 10 74
769 10 483
770 335 8
771 10 134
772 10 3
773 10 1
774 10 6
775 10 442
776 10 9
777 10 58
778 10 2
779 335 1
780 10 675
781 10 58
782 48 3
782 62 1
782 70 5
782 162 2
782 204 1
782 214 2
782 215 10
782 239 1
782 273 1
782 299 1
782 307 6
782 384 1
782 421 4
782 461 4
782 504 1
782 536 5
782 539 1
782 596 1
782 619 1
782 652 1
782 656 1
782 676 1
782 736 12
782 744 2
782 782 48
782 795 1
782 816 2
782 861 2
783 10 145
7 10 24
784 10 4
785 10 25
786 249 1
786 329 1
786 830 2
787 10 2
788 10 15
789 202 4
789 338 1
789 830 6
790 10 104
791 10 390
792 830 2
793 10 95
794 10 217
795 782 1
796 338 1
796 830 3
797 10 68
8 10 8
798 830 12
799 10 11
800 10 168
801 10 21
802 10 3
803 10 20
804 10 10
805 10 879
806 10 96
807 10 2430
808 10 63
809 10 169
810 10 101
811 830 5
812 10 347
813 10 23
814 10 3
815 34 5
815 390 4
815 400 1
815 720 1
816 782 2
817 10 120
818 10 34
819 10 4
820 830 3
821 10 30
822 10 65
9 10 206
823 10 471
824 202 5
824 830 8
825 10 10
826 10 408
827 830 1
828 202 2
829 10 514
830 22 3
830 25 3
830 37 9
830 39 7
830 45 37
830 48 5
830 49 4
830 52 1
830 59 3
830 62 6
830 67 1
830 68 1
830 70 5
830 82 1
830 85 4
830 97 1
830 102 7
830 104 2
830 105 1
830 108 2
830 112 6
830 117 1
830 120 5
830 121 3
830 124 4
830 134 24
830 136 7
830 140 2
830 148 22
830 149 9
830 167 4
830 169 4
830 178 3
830 180 7
830 182 2
830 187 14
830 188 4
830 190 5
830 194 13
830 197 8
830 202 8
830 203 3
830 2 5
830 209 7
830 210 2
830 214 2
830 215 34
830 220 6
830 221 1
830 242 3
830 243 1
830 244 2
830 249 31
830 254 2
830 259 6
830 263 6
830 265 1
830 266 3
830 267 2
830 269 4
830 273 11
830 278 5
830 279 3
830 283 6
830 284 1
830 285 4
830 289 3
830 297 1
830 299 3
830 300 3
830 304 6
830 307 27
830 320 3
830 329 4
830 331 1
830 332 1
830 335 3
830 348 7
830 352 3
830 354 4
830 361 2
830 365 24
830 371 4
830 384 2
830 385 1
830 388 8
830 389 2
830 390 1
830 392 1
830 393 1
830 404 3
830 406 1
830 413 3
830 417 1
830 425 1
830 429 1
830 430 10
830 432 7
830 436 8
830 440 3
830 450 1
830 457 7
830 460 1
830 461 1
830 475 3
830 478 1
830 480 3
830 481 2
830 486 2
830 489 2
830 496 2
830 509 2
830 531 7
830 535 7
830 537 13
830 540 8
830 545 2
830 546 12
830 553 2
830 555 1
830 559 2
830 564 4
830 567 3
830 572 4
830 587 58
830 589 2
830 590 1
830 591 3
830 597 143
830 606 6
830 607 2
830 609 1
830 619 11
830 630 2
830 632 1
830 643 6
830 644 1
830 657 1
830 661 2
830 667 1
830 670 1
830 674 6
830 675 1
830 678 10
830 684 3
830 685 4
830 689 5
830 694 4
830 700 1
830 701 1
830 709 17
830 710 1
830 713 7
830 714 4
830 715 1
830 728 1
830 729 17
830 736 1
830 737 1
830 739 6
830 740 2
830 741 1
830 744 31
830 763 18
830 766 1
830 786 2
830 789 6
830 792 2
830 796 3
830 798 12
830 811 5
830 820 3
830 824 8
830 827 1
830 830 460
830 831 2
830 833 20
830 835 8
830 839 5
830 843 3
830 846 6
830 847 6
830 861 2
831 830 2
832 10 37
833 202 2
833 245 1
833 338 5
833 589 1
833 830 20
834 10 552
835 830 8
836 10 366
837 10 7
838 10 4
839 830 5
840 10 1
841 10 1
842 10 7
843 830 3
844 10 6
845 10 25
846 830 6
847 202 1
847 335 1
847 589 2
847 830 6
848 10 15
849 10 80
850 10 5
851 10 68
852 10 44
853 10 3
854 10 67
855 10 49
856 10 2
857 10 5
858 10 19
859 10 4
860 10 144
861 511 18
861 782 2
861 830 2
862 10 243
