1 651 7
2 10 3
3 711 1
4 10 5
5 638 1
6 505 1
8 10 5
9 9 3
9 569 1
9 841 2
9 843 1
10 4 3
10 34 1
10 67 7
10 122 1
10 180 1
10 186 1
10 191 5
10 210 1
10 216 2
10 230 13
10 241 6
10 243 1
10 308 1
10 360 1
10 405 1
10 441 1
10 451 2
10 453 2
10 477 5
10 503 2
10 582 2
10 594 1
10 608 8
10 611 2
10 646 2
10 662 1
10 676 2
10 687 47
10 704 9
10 726 1
10 738 2
10 839 1
10 856 1
11 10 4
12 12 24
12 237 8
12 578 1
12 851 1
13 471 6
14 10 20
16 271 1
18 18 12
18 577 11
18 668 2
18 685 1
20 10 2
21 21 2
22 12 1
22 22 2
22 63 5
22 114 1
22 195 1
22 331 1
22 407 1
22 508 2
22 526 1
22 555 1
22 578 1
22 632 1
23 10 7
24 17 1
24 24 5
24 25 9
24 223 2
24 316 3
24 365 1
24 366 1
24 392 59
24 576 12
26 110 2
27 10 1
29 29 5
29 429 4
29 605 1
29 670 2
29 763 1
29 768 1
30 484 1
30 690 1
31 10 2
32 32 1
33 33 8
33 45 16
33 331 1
33 365 1
33 578 1
33 619 6
33 679 35
33 743 9
33 797 1
35 36 1
38 10 1
39 39 2
41 10 1
42 712 3
43 10 3
44 15 1
44 269 2
45 45 22
45 187 1
46 46 1
48 10 2
49 162 1
51 10 4
52 10 2
56 56 2
56 138 2
56 834 2
57 57 2
58 9 1
58 58 1
58 798 1
59 10 22
60 10 3
61 40 1
61 61 1
62 62 5
62 550 2
62 773 1
64 64 2
64 237 23
64 606 1
64 711 4
65 237 2
65 414 1
66 10 2
68 68 1
69 69 1
69 845 1
72 178 1
72 331 1
72 629 1
73 10 1
75 75 1
76 195 1
76 577 3
77 10 1
78 187 1
79 10 5
80 10 7
81 81 6
81 592 2
81 631 1
83 587 3
84 479 1
85 690 2
86 10 1
87 10 3
89 18 1
89 89 20
89 114 1
89 178 108
89 207 1
89 383 4
89 577 2
89 592 1
89 685 1
89 749 2
91 578 1
92 632 1
94 94 2
96 109 2
97 10 2
98 585 1
99 10 3
100 45 1
102 365 1
103 103 1
105 104 1
105 105 3
106 10 2
107 10 3
108 37 334
108 108 17
108 450 4
108 729 5
108 759 1
108 773 1
109 109 5
110 110 1
110 182 3
110 632 1
111 381 1
112 10 1
113 114 7
113 174 1
113 484 1
113 743 1
115 10 1
116 558 1
117 45 1
117 114 1
117 118 5
118 118 6
118 300 1
118 709 1
120 119 4
120 120 2
120 271 8
121 271 1
121 536 1
121 709 1
123 10 1
124 89 8
125 743 1
125 789 1
125 833 1
126 10 1
127 127 1
128 128 19
128 137 1
129 10 1
130 10 30
131 638 2
133 351 5
134 19 1
134 45 1
134 134 4
134 449 1
134 507 1
134 521 145
134 578 6
134 628 1
134 689 1
134 859 2
135 10 9
137 128 29
137 137 1
138 138 1
141 10 13
142 159 1
142 171 1
142 237 3
142 249 1
142 381 1
142 812 1
143 143 1
144 144 1
144 849 2
145 64 1
145 146 75
145 159 1
145 249 1
145 559 1
145 812 7
147 743 1
148 265 1
148 588 3
148 771 1
149 45 1
149 136 1
149 149 1
149 237 1
149 249 2
149 280 2
149 316 1
149 408 1
149 592 1
150 150 1
150 772 1
151 10 5
152 10 1
153 10 9
154 28 1
155 10 1
156 10 15
157 157 1
158 10 1
160 10 5
161 161 1
163 10 1
164 164 1
165 490 1
166 10 2
167 167 2
167 744 3
168 237 1
168 799 1
169 74 1
169 146 3
169 169 16
169 170 23
169 171 115
169 182 2
169 199 1
169 237 13
169 249 2
169 252 10
169 413 1
169 414 1
169 522 1
169 555 1
169 559 1
169 568 1
169 648 1
169 717 1
169 812 2
169 846 1
172 164 1
172 172 91
172 448 1
172 569 24
172 758 3
173 10 3
175 569 1
176 176 1
177 89 1
177 177 1
177 178 35
177 749 2
179 10 8
181 402 1
181 831 1
182 182 10
182 218 3
184 10 1
186 10 5
187 45 2
187 743 2
188 10 1
190 846 1
192 127 1
192 192 1
194 10 75
195 18 11
195 76 1
195 195 4
195 577 25
195 632 1
195 668 7
198 12 1
198 196 3
198 197 2
198 198 19
198 199 8
198 237 34
198 381 4
198 413 1
198 414 6
198 574 1
198 711 1
198 800 3
200 10 3
201 202 4
203 10 10
204 10 1
206 10 1
207 18 15
207 577 6
207 668 2
208 228 1
208 843 1
209 425 1
211 331 1
212 10 1
214 10 2
215 144 1
215 226 1
215 417 1
217 354 1
218 218 1
219 182 1
221 220 1
221 390 1
222 10 1
223 224 1
223 392 2
225 10 2
227 10 5
228 228 2
228 796 2
230 10 7
231 855 1
232 10 1
233 10 2
234 10 2
235 114 1
235 331 1
236 10 1
237 64 3
237 65 1
237 146 5
237 159 11
237 171 4
237 237 236
237 249 4
237 252 1
237 381 1
237 479 2
237 555 1
237 574 2
237 606 5
237 708 1
237 800 2
237 812 2
237 817 4
238 238 2
239 10 1
240 10 1
244 244 1
245 10 3
246 10 2
248 45 3
248 55 3
248 237 2
248 249 7
248 331 1
248 376 1
248 508 5
248 541 1
248 555 1
248 728 1
250 64 1
250 65 1
250 128 1
250 146 1
250 170 1
250 171 49
250 237 16
250 251 5
250 252 28
250 331 1
250 333 2
250 413 1
250 414 2
250 574 1
250 606 3
250 699 3
250 708 1
250 761 1
250 800 1
253 571 1
254 114 1
254 331 1
254 351 2
255 10 7
257 10 1
258 258 2
259 259 1
260 778 5
261 319 1
262 262 1
263 307 1
263 592 1
266 10 17
268 268 3
269 15 6
269 40 14
269 220 2
269 229 1
269 269 32
269 552 6
270 10 5
272 10 2
273 242 1
273 380 1
274 274 3
275 10 2
276 10 1
277 12 1
277 64 5
277 90 1
277 94 2
277 146 16
277 159 3
277 171 2
277 237 90
277 249 4
277 281 1
277 413 30
277 414 31
277 458 2
277 479 2
277 574 5
277 606 1
277 708 3
277 711 1
277 799 1
277 800 6
277 812 2
278 392 1
278 406 2
279 10 20
280 45 2
282 10 1
283 398 1
283 411 1
283 553 3
283 555 1
284 516 1
285 342 7
285 417 1
285 758 1
287 88 1
287 286 4
287 376 1
287 383 4
288 407 3
288 653 6
288 693 4
288 790 1
289 744 2
290 10 3
291 190 1
291 392 1
291 602 1
291 694 1
291 846 4
292 292 3
293 537 1
294 514 1
294 709 5
295 295 1
296 10 1
297 297 2
297 305 7
297 523 46
299 298 2
299 300 3
299 352 1
299 709 5
301 167 1
303 10 3
304 457 11
304 523 1
304 644 1
306 311 1
306 854 1
309 309 1
309 329 3
309 734 4
309 735 7
310 281 1
311 311 1
313 10 16
314 10 2
315 331 1
316 25 2
317 88 3
317 317 3
317 508 2
318 318 2
320 45 2
320 164 1
320 249 7
320 302 1
320 320 5
320 457 2
320 744 1
322 321 1
323 10 1
324 331 1
324 592 1
324 619 1
325 10 1
326 10 1
327 327 1
329 329 1
330 331 152
330 508 1
330 512 1
332 332 1
332 333 9
332 334 3
335 392 1
336 10 1
337 10 1
339 56 4
339 138 2
339 339 1
339 660 1
339 776 6
339 834 3
340 557 1
341 341 1
341 359 1
343 10 4
344 17 1
345 345 3
347 10 1
348 381 1
349 349 1
350 350 1
352 331 18
352 351 63
352 352 4
352 361 1
352 526 1
355 355 2
355 425 1
356 318 7
357 10 3
358 10 4
359 341 1
359 359 1
362 10 1
363 220 1
363 346 2
363 389 1
363 390 5
363 400 1
363 486 2
363 720 2
363 844 4
364 365 2
366 223 15
366 224 2
366 366 1
366 392 17
367 10 1
368 140 1
369 249 1
369 369 1
370 10 1
371 198 1
371 371 4
371 449 1
371 728 2
371 798 2
372 372 1
373 632 2
375 374 5
377 854 1
378 378 1
379 10 3
380 380 2
380 381 7
380 800 1
382 10 2
383 383 1
384 10 1
386 427 4
387 10 1
388 7 2
388 388 2
388 689 1
391 10 1
392 24 1
392 25 1
392 383 1
392 392 20
392 449 1
392 710 1
393 170 1
393 174 4
393 181 1
393 264 2
393 479 1
393 574 1
393 753 1
393 812 1
394 10 1
395 283 1
395 395 2
396 10 4
397 10 1
401 70 1
402 174 1
402 402 3
404 10 12
406 406 2
410 410 1
412 10 1
415 10 4
416 138 1
416 660 1
416 776 4
416 834 1
417 331 5
417 417 3
417 454 1
417 619 1
418 10 2
420 138 1
421 10 1
422 848 2
423 10 3
424 10 3
425 425 3
426 10 1
427 427 1
428 10 1
429 457 1
429 717 1
429 763 1
430 10 42
432 10 1
433 376 2
435 434 7
435 547 2
436 10 1
437 775 12
438 10 3
440 10 2
442 414 1
444 164 18
445 331 1
446 93 1
447 10 3
449 12 1
449 376 1
450 479 1
452 10 2
454 454 1
454 526 1
455 10 1
456 333 1
456 443 10
456 457 35
456 717 2
456 763 2
456 831 1
459 10 41
461 461 1
462 10 1
463 53 32
463 54 8
463 55 11
463 89 1
463 118 1
463 178 1
463 249 2
463 350 1
463 392 4
463 417 1
463 454 1
463 457 3
463 505 2
463 508 1
463 526 1
463 569 6
463 619 2
463 629 1
463 744 1
463 797 1
464 10 2
465 328 1
466 71 4
466 74 1
466 457 1
466 466 1
466 747 1
467 249 1
467 331 3
467 417 30
467 578 1
467 619 1
468 10 1
469 469 1
472 10 5
473 10 1
474 10 1
475 10 3
478 182 1
479 237 2
479 334 2
479 479 9
480 47 1
480 114 1
481 10 2
482 383 1
483 483 1
485 485 2
485 808 4
486 89 5
486 231 1
486 707 1
486 855 1
487 851 1
488 488 1
488 658 6
489 10 2
491 10 2
492 182 1
494 178 3
496 267 1
498 50 1
498 55 1
498 64 1
498 88 1
498 132 1
498 139 3
498 146 2
498 185 1
498 213 1
498 237 32
498 247 2
498 249 1
498 262 1
498 331 65
498 342 4
498 376 1
498 381 1
498 383 2
498 392 4
498 417 1
498 454 1
498 479 1
498 487 1
498 493 38
498 508 4
498 523 1
498 526 18
498 555 2
498 557 1
498 569 20
498 606 1
498 619 1
498 632 3
498 638 1
498 699 1
498 708 1
498 758 1
498 799 1
498 859 2
500 402 1
500 499 2
500 500 11
500 699 1
501 10 1
502 502 1
504 10 5
505 505 6
505 728 1
506 10 9
509 10 2
510 10 5
511 861 8
513 53 1
513 365 3
513 512 2
513 558 1
514 710 7
515 515 1
517 10 3
518 518 39
518 626 3
518 821 5
519 10 2
522 522 4
523 45 1
523 54 1
523 55 8
523 114 1
523 235 1
523 271 1
523 331 11
523 376 1
523 383 1
523 431 1
523 490 1
523 523 10
523 547 2
523 555 2
523 692 1
524 10 1
525 10 1
528 10 1
529 10 19
530 527 2
530 862 1
531 183 1
531 395 1
532 10 1
533 533 1
534 534 4
535 385 1
535 456 37
535 535 1
535 665 20
535 670 1
535 762 7
535 763 1
536 495 1
536 536 5
536 560 1
536 654 1
536 716 2
536 736 1
536 846 1
538 538 2
539 10 2
540 45 2
540 629 1
540 807 1
541 385 1
541 456 11
541 535 1
541 541 4
541 641 3
541 665 1
541 670 1
541 733 3
541 763 11
541 813 2
542 542 5
543 392 2
544 10 1
545 10 1
546 859 1
547 146 1
548 10 7
549 136 1
549 205 4
549 256 1
549 300 1
549 508 1
549 549 10
551 486 1
552 552 1
554 10 3
556 632 1
559 146 1
561 10 1
562 10 11
563 10 6
564 10 6
565 320 1
566 10 1
567 629 4
569 758 10
569 851 8
570 10 1
571 571 6
572 146 1
572 237 1
572 573 1
572 574 4
575 575 4
576 24 2
576 25 1
576 223 1
576 316 1
576 392 61
576 576 6
579 417 3
579 521 4
579 578 119
579 579 1
579 628 1
579 653 7
579 693 2
579 852 23
580 45 1
580 354 3
581 10 4
583 237 1
584 98 1
584 585 2
586 10 8
587 587 3
587 694 1
587 710 1
589 589 2
589 714 5
590 89 1
590 413 1
590 457 2
591 119 2
591 591 1
592 592 3
593 419 5
595 146 2
595 174 3
595 237 1
596 596 1
597 249 64
597 252 2
597 300 1
597 320 20
597 331 401
597 350 1
597 365 1
597 508 1
597 628 1
597 629 1
597 631 538
597 859 1
601 10 2
603 603 2
604 10 6
605 171 2
605 199 1
605 237 1
605 252 14
605 413 3
605 414 3
605 439 1
605 457 2
605 574 2
605 605 4
605 606 15
605 648 1
605 708 2
605 817 1
607 193 1
607 607 1
609 10 1
610 610 1
612 10 1
613 407 1
614 10 7
615 828 1
616 10 1
617 10 4
618 577 1
619 88 1
619 169 4
619 324 1
619 331 1
619 522 1
619 619 69
619 716 1
619 805 1
619 807 34
619 862 1
620 338 1
621 10 1
622 10 1
623 18 1
623 53 7
623 55 2
623 89 18
623 114 1
623 120 1
623 178 22
623 195 9
623 199 1
623 286 1
623 331 2
623 383 1
623 392 1
623 403 1
623 417 1
623 508 2
623 523 1
623 555 1
623 558 2
623 577 18
623 592 1
623 632 2
623 744 9
623 749 1
625 10 5
627 10 1
630 632 5
631 508 11
631 631 1
631 632 6
633 10 1
634 101 1
634 220 1
634 634 5
634 732 4
635 10 2
636 10 2
637 637 2
637 641 1
638 638 5
640 413 1
640 457 1
640 541 1
640 639 4
640 641 2
640 670 1
640 710 1
643 642 7
645 10 1
647 408 3
648 237 1
648 606 1
648 648 11
649 10 2
650 476 1
651 657 5
652 10 10
655 655 2
656 10 1
658 128 2
658 377 10
658 380 1
659 10 2
661 10 3
662 10 3
663 663 1
664 664 1
664 850 5
665 665 1
666 352 1
666 590 1
667 10 12
668 18 3
669 535 1
669 670 9
669 761 2
669 794 1
669 831 2
671 714 1
672 182 2
672 672 6
673 10 3
674 353 1
674 413 1
675 675 2
677 10 2
678 82 1
678 365 1
678 678 4
678 743 1
680 10 1
681 114 1
682 10 1
683 10 2
684 338 1
684 774 1
685 18 17
685 76 4
685 89 1
685 195 1
685 207 1
685 516 2
685 577 44
685 618 1
685 668 11
685 685 2
686 89 1
687 10 1
689 689 1
691 10 1
693 578 6
693 693 2
693 852 2
694 395 3
694 558 1
694 694 15
696 520 7
697 10 1
698 413 5
698 717 10
698 757 1
698 831 2
700 10 4
701 701 2
702 10 2
703 413 1
705 10 3
706 632 1
707 199 1
707 479 1
707 574 2
707 707 1
707 708 4
709 118 2
709 159 1
709 237 1
709 331 1
709 392 1
709 413 2
709 514 6
709 598 1
709 709 6
709 710 14
709 711 4
712 712 6
713 312 1
713 457 1
713 694 1
714 331 1
714 399 1
714 714 1
715 10 3
719 479 1
719 718 1
719 719 3
721 10 2
722 10 9
723 536 1
723 723 1
724 10 3
725 10 3
727 417 4
727 728 9
729 37 7
729 759 1
730 74 9
730 171 1
730 251 1
730 429 2
730 457 4
730 757 2
731 779 2
731 854 1
732 732 2
733 763 1
734 734 2
736 534 1
736 736 4
737 120 1
737 197 1
737 449 1
737 629 4
737 728 1
737 796 1
739 10 22
740 10 2
741 695 1
742 742 2
743 331 1
743 743 6
743 758 31
744 558 2
744 744 4
745 10 1
747 747 1
748 138 1
748 376 1
748 460 2
748 628 1
749 178 3
750 750 1
751 10 5
752 10 1
753 427 5
754 10 1
756 345 1
756 497 1
756 599 1
756 624 1
756 755 85
756 756 6
756 842 1
756 858 1
757 413 3
757 457 1
757 757 1
760 10 2
762 312 1
762 443 1
762 457 1
762 763 7
762 767 1
764 10 1
765 10 1
766 10 2
767 605 1
767 768 2
769 45 4
769 600 1
769 862 1
770 10 8
775 775 1
776 56 7
776 138 4
776 776 2
776 834 1
777 10 1
779 471 1
779 565 1
779 854 4
780 674 1
781 449 1
782 409 6
783 189 2
783 425 1
783 783 55
783 796 1
783 842 1
784 785 1
786 10 6
787 787 1
788 10 1
791 182 1
791 672 1
793 792 1
793 840 1
794 794 1
795 10 1
796 796 2
796 797 3
796 841 1
796 843 2
798 114 2
798 743 4
798 798 6
801 801 2
802 10 1
803 171 2
803 414 2
803 812 1
804 746 3
805 395 1
806 10 1
807 324 1
807 457 1
809 10 1
810 653 1
810 693 1
811 10 2
812 146 1
812 334 1
812 574 1
812 812 7
813 813 1
814 814 1
815 10 1
816 10 3
817 146 8
817 237 1
817 817 19
818 818 1
819 497 1
820 10 21
822 712 6
822 822 2
823 823 1
824 164 1
825 10 3
826 775 16
827 381 1
827 505 1
827 558 1
827 629 1
829 10 1
830 331 2
830 376 1
830 383 1
830 454 1
830 547 1
831 174 1
831 312 1
831 466 1
831 670 1
831 747 1
831 831 1
832 269 1
834 834 2
835 324 1
835 352 2
835 408 1
835 579 1
835 688 1
835 835 3
836 164 2
837 470 1
837 837 6
838 10 1
839 10 9
842 840 3
842 842 1
843 796 1
843 843 4
844 89 1
844 124 1
844 220 4
844 346 4
844 390 7
844 516 2
844 732 3
846 95 1
846 846 1
847 10 4
849 849 2
852 331 1
852 578 26
852 653 5
852 693 5
852 852 67
853 10 1
854 854 2
855 237 2
855 574 1
855 800 1
855 855 3
857 10 1
860 10 6
861 861 4
862 45 2
862 862 1
