485 475 1
103 10 1
113 10 1
218 10 1
95 120 1
251 68 1
784 524 1
881 723 1
842 153 1
143 10 1
243 10 1
495 10 1
327 141 1
29 449 1
209 210 1
113 787 1
156 425 1
342 343 1
485 57 1
601 10 1
625 263 1
296 430 1
47 10 1
485 530 1
108 10 1
10 723 1
160 10 1
415 10 1
556 178 1
125 285 1
714 80 1
151 634 1
565 832 1
10 251 1
330 10 1
566 10 1
151 837 1
77 187 1
758 10 1
330 478 1
525 711 1
190 419 1
652 125 1
181 172 1
374 153 1
287 397 1
525 595 1
251 350 1
10 546 1
489 343 1
283 234 1
97 605 1
472 10 1
853 10 1
301 10 1
572 217 1
10 95 1
443 10 1
177 178 1
736 250 1
793 10 1
10 208 1
823 872 1
43 741 1
862 334 1
342 10 1
862 10 1
10 686 1
659 10 1
261 566 1
800 10 1
857 400 1
703 10 1
10 452 1
623 40 1
49 10 1
314 673 1
272 10 1
350 10 1
10 675 1
372 10 1
10 733 1
24 410 1
142 605 1
125 10 1
95 714 1
328 10 1
77 658 1
743 10 1
206 696 1
157 10 1
840 10 1
290 96 1
854 530 1
10 101 1
652 420 1
214 473 1
653 10 1
410 471 1
560 698 1
525 263 1
24 17 1
525 343 1
734 10 1
684 10 1
485 123 1
251 504 1
436 10 1
723 605 1
251 165 1
543 10 1
161 28 1
873 95 1
10 342 1
759 10 1
564 10 1
454 10 1
620 10 1
10 704 1
477 10 1
606 681 1
738 740 1
807 883 1
10 804 1
264 433 1
436 861 1
10 410 1
108 382 1
649 351 1
725 10 1
504 346 1
652 120 1
171 10 1
90 10 1
516 10 1
446 10 1
209 10 1
10 660 1
244 10 1
652 57 1
546 1 1
888 10 1
305 10 1
625 657 1
686 134 1
339 10 1
652 437 1
679 500 1
751 10 1
609 10 1
264 434 1
122 46 1
355 375 1
530 10 1
24 383 1
625 330 1
12 605 1
606 605 1
731 10 1
790 322 1
566 791 1
10 772 1
603 394 1
126 561 1
115 10 1
648 10 1
552 10 1
487 338 1
10 670 1
615 10 1
264 343 1
525 636 1
191 230 1
77 343 1
182 10 1
10 463 1
595 880 1
410 394 1
151 10 1
283 15 1
406 7 1
264 179 1
857 452 1
38 10 1
130 95 1
148 10 1
648 40 1
409 10 1
10 621 1
123 311 1
525 392 1
113 37 1
579 661 1
742 724 1
304 410 1
823 824 1
268 10 1
812 813 1
485 716 1
491 10 1
119 510 1
10 581 1
128 127 1
362 10 1
114 10 1
713 802 1
411 190 1
278 10 1
251 578 1
24 50 1
545 10 1
10 343 1
663 107 1
437 10 1
689 10 1
358 17 1
396 10 1
572 311 1
598 251 1
22 343 1
489 437 1
264 728 1
790 465 1
10 848 1
10 433 1
89 616 1
797 46 1
757 10 1
177 153 1
862 718 1
300 847 1
385 147 1
220 10 1
729 263 1
196 141 1
18 604 1
177 265 1
450 10 1
479 10 1
687 10 1
717 10 1
330 46 1
441 10 1
844 524 1
477 465 1
747 10 1
254 10 1
886 10 1
485 549 1
10 761 1
10 885 1
290 479 1
834 10 1
610 251 1
663 760 1
892 46 1
24 236 1
177 556 1
468 99 1
714 604 1
727 746 1
765 10 1
873 868 1
212 213 1
18 10 1
625 533 1
42 10 1
795 10 1
766 471 1
635 636 1
873 360 1
669 433 1
852 10 1
291 423 1
602 10 1
9 595 1
95 10 1
784 653 1
650 10 1
525 276 1
10 746 1
62 41 1
10 334 1
820 869 1
300 299 1
560 790 1
635 265 1
264 826 1
156 326 1
380 417 1
175 773 1
241 10 1
456 571 1
666 670 1
227 239 1
186 187 1
264 134 1
352 145 1
561 10 1
10 698 1
292 10 1
298 356 1
837 10 1
784 871 1
70 10 1
525 889 1
251 826 1
10 408 1
10 725 1
119 10 1
890 10 1
325 343 1
126 738 1
602 868 1
221 445 1
283 242 1
336 10 1
592 658 1
567 410 1
850 10 1
429 178 1
517 10 1
845 10 1
854 10 1
804 861 1
554 192 1
273 10 1
81 10 1
652 773 1
314 546 1
22 65 1
639 10 1
466 172 1
560 402 1
686 397 1
277 10 1
10 422 1
290 251 1
437 648 1
10 791 1
664 10 1
635 178 1
686 393 1
777 392 1
332 331 1
10 283 1
8 10 1
485 478 1
744 10 1
174 10 1
10 773 1
598 10 1
51 170 1
818 700 1
209 826 1
849 741 1
301 817 1
154 10 1
858 488 1
85 10 1
525 68 1
177 578 1
738 165 1
699 743 1
701 10 1
386 10 1
10 262 1
251 180 1
10 880 1
489 605 1
485 847 1
10 397 1
128 807 1
444 10 1
10 743 1
835 723 1
453 10 1
269 343 1
10 195 1
561 875 1
74 874 1
858 322 1
10 350 1
12 880 1
471 608 1
506 10 1
485 55 1
290 825 1
527 526 1
380 868 1
525 648 1
811 198 1
561 682 1
256 10 1
762 764 1
379 10 1
10 640 1
635 600 1
361 10 1
411 10 1
115 191 1
251 582 1
10 765 1
129 10 1
10 121 1
766 756 1
10 604 1
839 10 1
284 10 1
385 10 1
575 10 1
36 394 1
264 153 1
697 10 1
860 10 1
122 123 1
209 208 1
518 191 1
736 600 1
290 826 1
736 504 1
804 10 1
116 398 1
837 153 1
10 250 1
790 478 1
320 763 1
873 539 1
873 130 1
678 178 1
546 392 1
525 677 1
525 549 1
10 537 1
538 739 1
525 667 1
320 10 1
706 772 1
525 260 1
772 118 1
388 471 1
572 404 1
252 608 1
80 604 1
706 382 1
488 79 1
236 10 1
648 545 1
10 638 1
95 219 1
354 10 1
304 875 1
619 10 1
713 10 1
595 786 1
610 10 1
837 346 1
859 283 1
532 10 1
660 10 1
400 10 1
10 363 1
595 317 1
512 95 1
881 10 1
411 183 1
549 10 1
436 145 1
525 138 1
347 10 1
110 109 1
58 145 1
310 311 1
45 10 1
75 10 1
10 504 1
290 740 1
556 250 1
10 231 1
123 10 1
304 631 1
147 10 1
10 145 1
229 369 1
757 787 1
832 478 1
68 636 1
828 837 1
798 10 1
238 10 1
142 657 1
223 343 1
743 416 1
10 693 1
374 267 1
40 165 1
859 10 1
713 351 1
264 251 1
679 10 1
525 475 1
131 772 1
769 10 1
10 595 1
64 573 1
790 10 1
170 10 1
758 449 1
10 685 1
156 144 1
333 10 1
736 737 1
561 745 1
261 46 1
219 10 1
149 398 1
781 447 1
843 10 1
105 10 1
884 826 1
261 263 1
525 10 1
669 670 1
641 10 1
247 10 1
635 678 1
24 326 1
727 433 1
10 724 1
10 544 1
411 781 1
863 172 1
290 165 1
715 10 1
829 775 1
437 475 1
835 168 1
212 10 1
22 120 1
173 10 1
367 343 1
862 367 1
151 263 1
603 25 1
553 10 1
525 86 1
227 10 1
349 10 1
652 299 1
10 382 1
411 504 1
525 580 1
264 600 1
738 343 1
268 597 1
261 392 1
462 10 1
873 10 1
811 10 1
866 10 1
209 740 1
566 838 1
251 10 1
134 10 1
887 10 1
236 410 1
275 10 1
155 799 1
295 10 1
334 343 1
862 606 1
119 772 1
831 10 1
515 10 1
785 433 1
667 10 1
30 720 1
625 365 1
565 658 1
514 686 1
10 257 1
26 115 1
185 10 1
90 504 1
10 72 1
572 271 1
264 266 1
363 364 1
646 10 1
410 25 1
156 46 1
10 501 1
531 10 1
10 605 1
794 10 1
10 267 1
652 581 1
561 765 1
607 46 1
648 177 1
142 10 1
10 440 1
854 581 1
251 153 1
477 746 1
804 145 1
181 786 1
334 621 1
248 10 1
697 789 1
119 183 1
492 10 1
306 738 1
603 326 1
752 10 1
177 434 1
374 350 1
644 10 1
611 164 1
251 250 1
738 410 1
220 872 1
669 566 1
485 138 1
251 69 1
274 10 1
10 345 1
397 398 1
135 10 1
201 875 1
644 855 1
652 533 1
660 533 1
644 452 1
770 10 1
32 382 1
357 10 1
857 571 1
10 21 1
577 10 1
60 10 1
10 164 1
184 10 1
880 10 1
648 892 1
0 10 1
215 10 1
477 791 1
332 10 1
625 311 1
828 434 1
541 846 1
493 10 1
9 870 1
10 892 1
29 698 1
525 400 1
828 180 1
264 68 1
482 10 1
83 10 1
5 10 1
10 736 1
512 736 1
814 10 1
209 433 1
10 884 1
162 716 1
759 807 1
310 367 1
652 40 1
467 343 1
352 861 1
22 206 1
29 796 1
525 317 1
648 343 1
300 94 1
761 791 1
758 79 1
176 251 1
416 10 1
406 719 1
40 400 1
736 210 1
616 739 1
727 10 1
10 153 1
525 251 1
156 263 1
652 661 1
10 867 1
391 10 1
694 619 1
525 141 1
314 478 1
766 823 1
652 206 1
724 10 1
753 10 1
712 10 1
525 771 1
525 519 1
569 10 1
714 95 1
804 508 1
10 222 1
652 400 1
24 382 1
635 180 1
606 723 1
700 191 1
706 88 1
485 66 1
406 10 1
95 778 1
530 756 1
477 345 1
714 647 1
380 748 1
291 410 1
29 10 1
633 10 1
251 178 1
10 554 1
692 879 1
10 346 1
648 745 1
795 796 1
525 546 1
388 756 1
352 58 1
882 10 1
380 360 1
297 539 1
525 398 1
523 281 1
842 10 1
10 178 1
856 10 1
830 10 1
384 10 1
290 504 1
411 179 1
363 57 1
138 139 1
738 538 1
264 69 1
10 400 1
525 437 1
397 10 1
184 595 1
11 10 1
138 498 1
68 251 1
505 48 1
745 10 1
32 772 1
193 10 1
527 10 1
209 207 1
298 10 1
546 10 1
411 837 1
772 343 1
628 10 1
138 841 1
751 561 1
586 10 1
251 842 1
10 432 1
156 293 1
10 364 1
306 538 1
10 424 1
32 343 1
32 46 1
173 516 1
647 604 1
248 120 1
181 595 1
741 10 1
735 661 1
12 374 1
635 200 1
571 153 1
529 10 1
546 571 1
485 187 1
224 10 1
95 187 1
233 191 1
403 10 1
443 877 1
10 377 1
341 578 1
474 10 1
10 636 1
3 740 1
738 10 1
367 10 1
410 739 1
113 757 1
472 504 1
663 10 1
10 786 1
525 350 1
672 671 1
18 714 1
22 578 1
488 478 1
818 191 1
647 10 1
540 10 1
669 739 1
525 439 1
872 823 1
96 10 1
367 549 1
499 10 1
723 881 1
10 263 1
304 724 1
131 816 1
525 578 1
10 56 1
216 10 1
525 356 1
10 4 1
261 578 1
635 433 1
785 10 1
324 10 1
766 658 1
59 10 1
383 237 1
10 46 1
606 557 1
334 364 1
2 10 1
623 183 1
177 250 1
290 600 1
583 153 1
383 410 1
423 10 1
619 478 1
418 75 1
10 25 1
383 236 1
625 10 1
484 10 1
546 46 1
10 402 1
725 543 1
10 600 1
149 10 1
445 10 1
476 10 1
261 10 1
290 12 1
290 350 1
264 10 1
142 471 1
10 578 1
656 10 1
10 826 1
458 10 1
471 12 1
818 10 1
151 152 1
546 516 1
32 648 1
528 10 1
554 412 1
546 285 1
854 398 1
381 10 1
10 86 1
709 120 1
142 719 1
546 56 1
380 408 1
10 558 1
240 10 1
471 392 1
772 40 1
692 10 1
853 803 1
648 830 1
663 234 1
310 10 1
22 549 1
766 125 1
787 10 1
12 251 1
676 425 1
780 10 1
261 429 1
261 251 1
715 95 1
87 660 1
149 837 1
32 707 1
10 120 1
842 251 1
497 10 1
560 791 1
449 791 1
738 626 1
290 737 1
291 10 1
773 581 1
138 10 1
95 604 1
69 251 1
714 696 1
98 661 1
348 608 1
521 10 1
78 10 1
115 661 1
618 10 1
251 432 1
551 10 1
22 138 1
22 10 1
131 860 1
695 10 1
708 10 1
157 801 1
24 138 1
742 322 1
441 145 1
762 10 1
251 677 1
327 533 1
106 46 1
31 10 1
298 786 1
155 279 1
399 10 1
811 823 1
181 66 1
597 10 1
758 266 1
559 10 1
595 716 1
10 614 1
873 760 1
702 433 1
784 10 1
10 318 1
546 57 1
891 10 1
595 10 1
316 883 1
32 10 1
828 10 1
177 374 1
864 493 1
363 366 1
502 191 1
612 10 1
625 382 1
625 267 1
513 880 1
881 557 1
10 776 1
142 889 1
555 10 1
663 232 1
598 153 1
177 593 1
177 180 1
251 265 1
792 10 1
449 746 1
884 251 1
777 481 1
302 10 1
719 10 1
24 603 1
778 187 1
755 437 1
320 762 1
177 191 1
209 600 1
635 461 1
755 10 1
64 10 1
140 366 1
603 24 1
149 263 1
854 658 1
261 533 1
264 737 1
603 410 1
410 608 1
431 10 1
606 10 1
525 728 1
46 10 1
652 621 1
694 367 1
10 73 1
10 889 1
525 825 1
525 363 1
142 46 1
169 10 1
151 68 1
337 10 1
23 10 1
44 10 1
219 18 1
163 10 1
542 10 1
589 10 1
10 658 1
10 533 1
784 783 1
10 58 1
616 10 1
10 833 1
606 544 1
477 478 1
77 141 1
505 10 1
726 10 1
45 283 1
363 10 1
736 10 1
176 677 1
857 392 1
10 68 1
714 539 1
251 636 1
554 10 1
625 343 1
875 101 1
316 321 1
344 10 1
489 648 1
721 10 1
251 398 1
563 10 1
620 124 1
290 153 1
177 746 1
535 10 1
806 10 1
504 10 1
598 600 1
572 10 1
489 490 1
186 778 1
177 263 1
772 786 1
10 37 1
367 366 1
788 10 1
857 10 1
199 200 1
177 837 1
489 263 1
590 10 1
606 657 1
126 10 1
386 263 1
154 772 1
546 451 1
54 10 1
619 95 1
290 837 1
269 10 1
867 10 1
344 346 1
80 10 1
560 477 1
10 165 1
811 871 1
486 10 1
508 10 1
830 412 1
696 10 1
251 263 1
525 194 1
18 696 1
807 494 1
541 655 1
310 738 1
546 120 1
10 294 1
566 693 1
419 10 1
245 10 1
534 10 1
774 10 1
352 10 1
253 10 1
714 219 1
485 10 1
485 773 1
790 791 1
485 263 1
6 530 1
485 365 1
488 76 1
161 10 1
635 842 1
177 179 1
642 424 1
742 10 1
672 10 1
206 18 1
857 475 1
10 94 1
10 71 1
77 10 1
635 434 1
264 345 1
411 278 1
156 251 1
623 153 1
388 209 1
283 41 1
10 719 1
380 873 1
613 614 1
10 811 1
623 10 1
625 660 1
10 789 1
669 668 1
483 10 1
419 183 1
662 10 1
485 363 1
82 196 1
95 18 1
20 10 1
371 328 1
706 10 1
761 10 1
62 10 1
10 187 1
122 10 1
619 433 1
117 10 1
591 10 1
370 445 1
381 382 1
219 696 1
485 56 1
705 10 1
186 10 1
181 711 1
244 884 1
480 10 1
525 504 1
264 178 1
214 202 1
380 512 1
858 776 1
376 10 1
251 267 1
758 478 1
301 681 1
553 892 1
837 600 1
872 10 1
10 559 1
46 196 1
380 10 1
155 10 1
514 10 1
186 95 1
10 868 1
400 40 1
116 10 1
155 617 1
177 267 1
203 10 1
781 10 1
209 12 1
438 10 1
477 858 1
512 868 1
209 251 1
122 120 1
836 10 1
93 10 1
697 560 1
162 10 1
177 10 1
10 706 1
485 658 1
150 10 1
293 10 1
625 889 1
380 407 1
10 76 1
363 533 1
59 9 1
784 359 1
123 738 1
865 10 1
395 10 1
727 785 1
350 152 1
397 826 1
637 10 1
132 10 1
426 10 1
435 10 1
680 10 1
711 10 1
10 128 1
190 858 1
625 658 1
10 690 1
525 94 1
294 10 1
283 575 1
702 10 1
485 648 1
102 114 1
142 19 1
823 870 1
561 584 1
401 10 1
436 688 1
9 10 1
310 309 1
10 328 1
10 204 1
628 627 1
10 79 1
635 251 1
509 10 1
652 187 1
546 722 1
773 10 1
374 837 1
525 410 1
10 861 1
10 365 1
410 847 1
884 10 1
10 360 1
10 681 1
669 478 1
290 263 1
587 10 1
293 46 1
10 63 1
755 756 1
560 693 1
126 285 1
167 10 1
150 878 1
334 648 1
525 139 1
393 10 1
525 847 1
808 702 1
678 10 1
766 10 1
523 10 1
334 138 1
525 57 1
10 124 1
630 10 1
448 10 1
363 847 1
724 412 1
287 10 1
335 10 1
389 661 1
227 150 1
159 10 1
660 138 1
607 10 1
196 772 1
195 10 1
694 10 1
10 243 1
881 343 1
10 191 1
10 221 1
10 33 1
80 206 1
251 262 1
835 681 1
674 10 1
738 729 1
525 533 1
151 165 1
22 661 1
835 10 1
652 55 1
249 10 1
314 10 1
768 10 1
616 724 1
10 767 1
24 608 1
613 104 1
113 472 1
669 10 1
10 393 1
892 10 1
858 10 1
724 581 1
10 134 1
261 262 1
352 688 1
428 10 1
635 737 1
191 10 1
251 837 1
22 12 1
412 296 1
112 10 1
502 10 1
603 10 1
342 533 1
699 10 1
261 57 1
10 392 1
810 10 1
151 583 1
881 36 1
248 343 1
589 68 1
858 183 1
525 364 1
527 728 1
451 10 1
440 439 1
749 10 1
22 605 1
507 400 1
286 10 1
313 10 1
5 667 1
205 10 1
10 425 1
196 46 1
82 10 1
815 10 1
862 425 1
12 10 1
553 550 1
485 595 1
10 319 1
142 544 1
652 546 1
10 412 1
341 10 1
714 10 1
810 427 1
652 210 1
209 398 1
797 892 1
142 532 1
10 168 1
759 883 1
820 819 1
308 315 1
548 10 1
785 478 1
39 10 1
702 368 1
10 740 1
546 578 1
648 94 1
666 10 1
588 10 1
652 578 1
436 804 1
10 478 1
10 255 1
10 841 1
296 10 1
158 10 1
512 10 1
876 10 1
750 10 1
520 187 1
227 437 1
413 10 1
460 10 1
10 881 1
106 10 1
410 10 1
302 773 1
251 737 1
857 343 1
301 424 1
69 10 1
623 841 1
758 180 1
235 10 1
290 636 1
469 10 1
177 503 1
10 66 1
58 861 1
665 10 1
525 52 1
121 581 1
669 698 1
236 237 1
34 35 1
10 711 1
635 267 1
700 10 1
883 10 1
411 600 1
10 475 1
87 621 1
10 508 1
177 429 1
10 183 1
367 378 1
175 10 1
45 15 1
572 533 1
873 234 1
344 345 1
10 465 1
410 138 1
278 841 1
304 10 1
181 317 1
449 478 1
10 657 1
743 343 1
277 621 1
645 10 1
442 10 1
652 10 1
270 10 1
4 10 1
