23 14 1
24 15 1
5 21 1
6 11 1
11 20 1
17 26 1
2 21 1
16 2 1
8 4 1
10 5 1
15 21 1
1 14 1
11 21 1
28 21 1
2 15 1
14 27 1
22 5 1
4 6 1
24 16 1
17 24 1
5 28 1
13 29 1
22 2 1
27 17 1
9 1 1
16 19 1
24 13 1
11 4 1
8 13 1
8 12 1
16 1 1
7 3 1
19 26 1
14 17 1
28 20 1
20 11 1
25 11 1
26 19 1
5 15 1
20 25 1
13 21 1
5 23 1
11 25 1
9 25 1
11 28 1
9 8 1
21 1 1
2 4 1
16 22 1
19 20 1
11 8 1
27 14 1
20 23 1
14 2 1
23 26 1
9 26 1
24 17 1
8 26 1
11 14 1
29 26 1
5 8 1
25 18 1
8 16 1
16 11 1
2 11 1
15 20 1
8 19 1
17 11 1
22 26 1
25 9 1
23 19 1
19 23 1
26 22 1
13 18 1
11 2 1
24 29 1
13 25 1
13 23 1
12 8 1
23 27 1
13 14 1
11 19 1
9 19 1
8 23 1
27 19 1
9 14 1
14 19 1
25 8 1
2 1 1
11 16 1
22 15 1
15 14 1
16 17 1
19 15 1
18 25 1
21 23 1
26 23 1
13 15 1
9 18 1
8 6 1
28 26 1
11 27 1
4 3 1
19 22 1
2 5 1
22 23 1
8 27 1
8 1 1
5 27 1
6 21 1
24 26 1
18 9 1
21 22 1
28 12 1
8 28 1
23 29 1
9 29 1
13 16 1
29 27 1
5 14 1
6 4 1
6 10 1
27 22 1
13 26 1
16 24 1
16 15 1
21 20 1
6 22 1
16 14 1
17 12 1
27 29 1
28 23 1
22 11 1
20 19 1
11 23 1
11 5 1
11 29 1
8 29 1
5 6 1
15 26 1
19 18 1
1 12 1
25 13 1
14 24 1
14 26 1
2 7 1
20 26 1
6 2 1
9 23 1
22 20 1
1 22 1
12 1 1
27 28 1
11 24 1
3 11 1
1 21 1
2 8 1
14 16 1
28 8 1
9 3 1
19 27 1
24 22 1
18 13 1
8 7 1
11 22 1
5 29 1
20 27 1
18 8 1
19 14 1
6 27 1
1 27 1
14 15 1
2 14 1
8 15 1
5 11 1
8 20 1
10 12 1
11 17 1
6 29 1
21 5 1
