16 26 1
29 17 1
13 19 1
21 5 1
9 24 1
22 29 1
14 23 1
15 28 1
8 21 1
11 15 1
5 21 1
13 29 1
12 1 1
20 21 1
9 4 1
16 15 1
19 26 1
12 11 1
13 23 1
29 24 1
22 15 1
27 26 1
8 28 1
17 13 1
11 24 1
24 27 1
21 22 1
15 26 1
5 19 1
11 28 1
18 8 1
9 14 1
5 14 1
19 17 1
1 11 1
16 12 1
26 14 1
1 12 1
12 14 1
28 17 1
23 22 1
9 17 1
23 19 1
5 27 1
15 24 1
2 7 1
15 16 1
8 7 1
21 11 1
1 27 1
12 6 1
27 28 1
6 4 1
11 8 1
20 15 1
1 17 1
14 26 1
19 15 1
22 19 1
8 14 1
28 13 1
6 27 1
22 23 1
9 16 1
20 26 1
2 5 1
11 23 1
14 22 1
8 15 1
7 3 1
25 8 1
2 21 1
26 27 1
8 10 1
11 29 1
25 13 1
13 20 1
9 29 1
28 4 1
8 29 1
22 11 1
11 21 1
14 19 1
14 5 1
9 19 1
6 5 1
3 7 1
19 24 1
18 13 1
17 1 1
20 2 1
8 17 1
24 17 1
26 15 1
11 18 1
22 14 1
14 15 1
8 27 1
27 22 1
16 10 1
10 5 1
26 20 1
24 14 1
16 14 1
16 19 1
27 14 1
9 23 1
11 20 1
16 1 1
21 14 1
2 15 1
20 27 1
22 27 1
3 9 1
11 7 1
9 11 1
8 6 1
17 19 1
20 24 1
10 2 1
27 17 1
11 22 1
5 15 1
23 29 1
8 13 1
28 21 1
5 11 1
23 14 1
8 4 1
28 9 1
3 4 1
2 3 1
20 16 1
6 10 1
8 25 1
8 26 1
2 20 1
16 5 1
9 25 1
28 12 1
11 14 1
8 3 1
18 9 1
14 27 1
28 15 1
17 15 1
20 11 1
19 16 1
15 27 1
28 2 1
17 11 1
5 6 1
8 22 1
24 22 1
14 16 1
5 1 1
28 5 1
19 14 1
15 14 1
20 23 1
1 19 1
15 29 1
28 24 1
8 19 1
5 22 1
17 26 1
11 2 1
17 12 1
8 24 1
8 12 1
15 23 1
2 6 1
8 11 1
1 16 1
14 17 1
6 20 1
5 28 1
1 6 1
29 28 1
24 23 1
